1624
(
0.140016
0.190709
0.156226
0.146807
0.143464
0.141301
0.139135
0.136326
0.132252
0.126166
0.117206
0.104594
0.0882107
0.0695912
0.0528055
0.0440461
0.0490976
0.0673312
0.0907549
0.11216
0.128843
0.140837
0.149165
0.155042
0.159702
0.164908
0.176584
0.216661
0.158938
0.140015
0.190709
0.156225
0.146807
0.143464
0.141301
0.139134
0.136325
0.132251
0.126166
0.117206
0.104594
0.0882108
0.0695913
0.0528056
0.0440461
0.0490976
0.0673311
0.0907549
0.11216
0.128843
0.140837
0.149165
0.155042
0.159702
0.164909
0.176584
0.216662
0.158939
0.140015
0.190708
0.156225
0.146806
0.143463
0.141301
0.139134
0.136325
0.132251
0.126166
0.117206
0.104595
0.0882109
0.0695914
0.0528057
0.0440462
0.0490976
0.0673311
0.0907548
0.11216
0.128843
0.140837
0.149165
0.155042
0.159702
0.164909
0.176584
0.216662
0.158939
0.140014
0.190708
0.156224
0.146806
0.143463
0.1413
0.139133
0.136324
0.132251
0.126166
0.117206
0.104595
0.0882111
0.0695916
0.0528059
0.0440463
0.0490976
0.0673309
0.0907546
0.11216
0.128843
0.140837
0.149166
0.155043
0.159703
0.164909
0.176585
0.216663
0.15894
0.140015
0.190709
0.156225
0.146806
0.143463
0.141301
0.139134
0.136326
0.132252
0.126166
0.117206
0.104595
0.0882109
0.0695913
0.0528056
0.0440461
0.0490976
0.0673312
0.0907549
0.11216
0.128843
0.140837
0.149165
0.155042
0.159702
0.164909
0.176584
0.216662
0.158939
0.140016
0.19071
0.156226
0.146807
0.143464
0.141302
0.139135
0.136326
0.132252
0.126167
0.117206
0.104595
0.0882107
0.0695911
0.0528054
0.044046
0.0490977
0.0673314
0.0907552
0.112161
0.128843
0.140837
0.149165
0.155042
0.159702
0.164908
0.176583
0.216661
0.158938
0.140016
0.19071
0.156226
0.146807
0.143464
0.141302
0.139135
0.136326
0.132252
0.126167
0.117206
0.104595
0.0882108
0.0695912
0.0528054
0.044046
0.0490976
0.0673314
0.0907552
0.112161
0.128843
0.140837
0.149165
0.155042
0.159702
0.164908
0.176584
0.216661
0.158938
0.140016
0.19071
0.156226
0.146807
0.143464
0.141302
0.139135
0.136326
0.132252
0.126167
0.117206
0.104595
0.0882109
0.0695912
0.0528055
0.044046
0.0490976
0.0673314
0.0907552
0.112161
0.128843
0.140837
0.149165
0.155042
0.159702
0.164908
0.176584
0.216661
0.158938
0.140016
0.19071
0.156226
0.146807
0.143464
0.141302
0.139135
0.136326
0.132252
0.126167
0.117206
0.104595
0.0882108
0.0695912
0.0528055
0.044046
0.0490976
0.0673313
0.0907551
0.112161
0.128843
0.140837
0.149165
0.155042
0.159702
0.164908
0.176583
0.216661
0.158938
0.140015
0.190709
0.156225
0.146806
0.143463
0.141301
0.139134
0.136326
0.132252
0.126166
0.117206
0.104595
0.088211
0.0695914
0.0528057
0.0440461
0.0490975
0.067331
0.0907548
0.11216
0.128843
0.140837
0.149165
0.155042
0.159702
0.164909
0.176584
0.216662
0.158939
0.140014
0.190708
0.156224
0.146806
0.143463
0.1413
0.139133
0.136325
0.132251
0.126166
0.117206
0.104595
0.0882112
0.0695918
0.052806
0.0440463
0.0490974
0.0673307
0.0907544
0.11216
0.128843
0.140837
0.149166
0.155043
0.159703
0.16491
0.176585
0.216663
0.15894
0.140015
0.190709
0.156225
0.146806
0.143463
0.141301
0.139134
0.136325
0.132251
0.126166
0.117206
0.104595
0.088211
0.0695916
0.0528059
0.0440462
0.0490974
0.0673307
0.0907545
0.11216
0.128843
0.140837
0.149166
0.155043
0.159703
0.164909
0.176585
0.216663
0.15894
0.140016
0.190709
0.156226
0.146807
0.143464
0.141301
0.139134
0.136326
0.132251
0.126166
0.117206
0.104595
0.088211
0.0695916
0.0528059
0.0440462
0.0490973
0.0673306
0.0907544
0.11216
0.128843
0.140837
0.149166
0.155043
0.159703
0.164909
0.176585
0.216662
0.158939
0.140016
0.190709
0.156226
0.146807
0.143464
0.141302
0.139135
0.136326
0.132252
0.126166
0.117206
0.104595
0.088211
0.0695916
0.0528059
0.0440461
0.0490971
0.0673304
0.0907542
0.11216
0.128843
0.140837
0.149165
0.155042
0.159702
0.164909
0.176584
0.216662
0.158939
0.140016
0.190709
0.156226
0.146807
0.143464
0.141301
0.139135
0.136326
0.132252
0.126166
0.117206
0.104594
0.0882107
0.0695912
0.0528055
0.044046
0.0490976
0.0673312
0.090755
0.11216
0.128843
0.140837
0.149165
0.155042
0.159702
0.164908
0.176584
0.216661
0.158938
0.140015
0.190709
0.156225
0.146806
0.143463
0.141301
0.139134
0.136325
0.132251
0.126166
0.117206
0.104595
0.0882108
0.0695913
0.0528056
0.0440461
0.0490976
0.0673311
0.0907548
0.11216
0.128843
0.140837
0.149165
0.155042
0.159702
0.164909
0.176584
0.216662
0.158939
0.140015
0.190708
0.156225
0.146806
0.143463
0.141301
0.139134
0.136325
0.132251
0.126166
0.117206
0.104594
0.0882109
0.0695914
0.0528057
0.0440462
0.0490976
0.067331
0.0907547
0.11216
0.128843
0.140837
0.149165
0.155042
0.159702
0.164909
0.176584
0.216662
0.158939
0.140014
0.190708
0.156224
0.146805
0.143462
0.1413
0.139133
0.136324
0.13225
0.126165
0.117206
0.104595
0.0882111
0.0695916
0.0528058
0.0440462
0.0490976
0.0673309
0.0907545
0.11216
0.128843
0.140837
0.149166
0.155043
0.159703
0.164909
0.176585
0.216663
0.15894
0.140015
0.190709
0.156225
0.146806
0.143463
0.141301
0.139134
0.136325
0.132251
0.126166
0.117206
0.104595
0.0882108
0.0695913
0.0528056
0.0440461
0.0490976
0.0673311
0.0907548
0.11216
0.128843
0.140837
0.149165
0.155042
0.159702
0.164909
0.176584
0.216662
0.158939
0.140016
0.19071
0.156226
0.146807
0.143464
0.141302
0.139135
0.136326
0.132252
0.126167
0.117206
0.104595
0.0882107
0.0695911
0.0528054
0.044046
0.0490977
0.0673314
0.0907551
0.11216
0.128843
0.140837
0.149165
0.155042
0.159701
0.164908
0.176583
0.216661
0.158938
0.140016
0.19071
0.156226
0.146807
0.143464
0.141301
0.139135
0.136326
0.132252
0.126167
0.117206
0.104595
0.0882107
0.0695911
0.0528053
0.044046
0.0490977
0.0673314
0.0907551
0.11216
0.128843
0.140837
0.149165
0.155042
0.159701
0.164908
0.176583
0.216661
0.158938
0.140016
0.19071
0.156226
0.146807
0.143464
0.141301
0.139135
0.136326
0.132252
0.126167
0.117206
0.104595
0.0882107
0.0695911
0.0528053
0.044046
0.0490977
0.0673314
0.0907551
0.11216
0.128843
0.140837
0.149165
0.155042
0.159702
0.164908
0.176583
0.216661
0.158938
0.140016
0.19071
0.156226
0.146807
0.143464
0.141301
0.139135
0.136326
0.132252
0.126167
0.117206
0.104595
0.0882107
0.069591
0.0528053
0.044046
0.0490977
0.0673314
0.0907551
0.11216
0.128843
0.140837
0.149165
0.155042
0.159701
0.164908
0.176583
0.216661
0.158938
0.140015
0.190709
0.156225
0.146806
0.143463
0.141301
0.139134
0.136325
0.132251
0.126166
0.117206
0.104595
0.0882108
0.0695912
0.0528055
0.0440461
0.0490977
0.0673312
0.0907548
0.11216
0.128843
0.140837
0.149165
0.155042
0.159702
0.164909
0.176584
0.216662
0.158939
0.140014
0.190707
0.156224
0.146805
0.143462
0.141299
0.139133
0.136324
0.13225
0.126165
0.117206
0.104595
0.0882111
0.0695915
0.0528057
0.0440462
0.0490977
0.0673311
0.0907546
0.11216
0.128843
0.140837
0.149166
0.155043
0.159703
0.164909
0.176585
0.216663
0.15894
0.140015
0.190708
0.156225
0.146806
0.143463
0.1413
0.139134
0.136325
0.132251
0.126166
0.117206
0.104595
0.0882108
0.0695912
0.0528055
0.0440461
0.0490979
0.0673314
0.0907549
0.11216
0.128843
0.140837
0.149165
0.155042
0.159702
0.164909
0.176584
0.216662
0.158939
0.140016
0.19071
0.156226
0.146807
0.143464
0.141302
0.139135
0.136326
0.132252
0.126167
0.117206
0.104595
0.0882106
0.0695908
0.0528052
0.044046
0.049098
0.0673318
0.0907553
0.11216
0.128843
0.140837
0.149165
0.155042
0.159702
0.164908
0.176584
0.216662
0.158939
0.140016
0.19071
0.156226
0.146806
0.143464
0.141301
0.139135
0.136326
0.132252
0.126167
0.117206
0.104595
0.0882105
0.0695907
0.0528051
0.044046
0.0490981
0.0673321
0.0907557
0.112161
0.128843
0.140837
0.149165
0.155042
0.159701
0.164908
0.176583
0.216661
0.158938
0.140016
0.190709
0.156226
0.146807
0.143464
0.141301
0.139135
0.136326
0.132252
0.126166
0.117206
0.104595
0.0882112
0.0695917
0.052806
0.0440461
0.0490969
0.06733
0.0907537
0.112159
0.128842
0.140837
0.149165
0.155042
0.159702
0.164909
0.176585
0.216662
0.158939
0.140015
0.190709
0.156225
0.146806
0.143463
0.141301
0.139134
0.136326
0.132251
0.126166
0.117206
0.104595
0.0882114
0.069592
0.0528062
0.0440462
0.0490968
0.0673296
0.0907533
0.112159
0.128842
0.140837
0.149166
0.155043
0.159703
0.16491
0.176585
0.216663
0.15894
0.140015
0.190708
0.156225
0.146806
0.143463
0.141301
0.139134
0.136325
0.132251
0.126166
0.117206
0.104595
0.0882115
0.0695922
0.0528063
0.0440462
0.0490966
0.0673293
0.0907529
0.112159
0.128842
0.140837
0.149166
0.155043
0.159703
0.16491
0.176586
0.216664
0.15894
0.140014
0.190708
0.156224
0.146805
0.143462
0.1413
0.139133
0.136324
0.132251
0.126166
0.117206
0.104595
0.0882118
0.0695924
0.0528065
0.0440463
0.0490965
0.0673291
0.0907526
0.112158
0.128842
0.140837
0.149166
0.155044
0.159704
0.164911
0.176586
0.216665
0.158941
0.140015
0.190709
0.156225
0.146806
0.143463
0.141301
0.139134
0.136326
0.132252
0.126166
0.117206
0.104595
0.0882116
0.0695922
0.0528063
0.0440461
0.0490965
0.0673292
0.0907528
0.112159
0.128842
0.140837
0.149166
0.155043
0.159703
0.16491
0.176585
0.216664
0.15894
0.140016
0.19071
0.156226
0.146807
0.143464
0.141302
0.139135
0.136326
0.132252
0.126167
0.117206
0.104595
0.0882115
0.069592
0.0528062
0.044046
0.0490965
0.0673294
0.0907531
0.112159
0.128842
0.140836
0.149165
0.155042
0.159702
0.164909
0.176585
0.216663
0.158939
0.140016
0.19071
0.156226
0.146807
0.143464
0.141302
0.139135
0.136326
0.132252
0.126167
0.117207
0.104595
0.0882115
0.069592
0.0528061
0.044046
0.0490965
0.0673294
0.090753
0.112159
0.128842
0.140836
0.149165
0.155042
0.159702
0.164909
0.176585
0.216663
0.158939
0.140016
0.19071
0.156226
0.146807
0.143464
0.141302
0.139135
0.136326
0.132252
0.126167
0.117207
0.104595
0.0882115
0.069592
0.0528061
0.044046
0.0490966
0.0673294
0.0907531
0.112159
0.128842
0.140836
0.149165
0.155042
0.159702
0.164909
0.176585
0.216663
0.158939
0.140016
0.19071
0.156226
0.146807
0.143464
0.141302
0.139135
0.136326
0.132252
0.126167
0.117206
0.104595
0.0882114
0.069592
0.0528061
0.044046
0.0490966
0.0673295
0.0907531
0.112159
0.128842
0.140836
0.149165
0.155042
0.159702
0.164909
0.176585
0.216662
0.158939
0.140015
0.190709
0.156225
0.146806
0.143463
0.141301
0.139134
0.136325
0.132251
0.126166
0.117206
0.104595
0.0882115
0.0695921
0.0528062
0.0440461
0.0490966
0.0673294
0.0907529
0.112159
0.128842
0.140836
0.149165
0.155043
0.159703
0.16491
0.176585
0.216663
0.15894
0.140014
0.190707
0.156224
0.146805
0.143462
0.1413
0.139133
0.136324
0.13225
0.126166
0.117206
0.104595
0.0882116
0.0695922
0.0528064
0.0440463
0.0490967
0.0673293
0.0907527
0.112158
0.128842
0.140837
0.149166
0.155043
0.159704
0.16491
0.176586
0.216664
0.158941
0.140015
0.190708
0.156225
0.146806
0.143463
0.141301
0.139134
0.136325
0.132251
0.126166
0.117206
0.104595
0.0882114
0.0695919
0.0528061
0.0440462
0.0490969
0.0673298
0.0907532
0.112159
0.128842
0.140836
0.149165
0.155043
0.159703
0.16491
0.176585
0.216663
0.15894
0.140015
0.190709
0.156225
0.146806
0.143463
0.141301
0.139134
0.136325
0.132251
0.126166
0.117206
0.104595
0.0882112
0.0695917
0.0528059
0.0440462
0.0490972
0.0673303
0.0907538
0.112159
0.128842
0.140836
0.149165
0.155042
0.159703
0.164909
0.176585
0.216663
0.15894
0.140016
0.190709
0.156226
0.146807
0.143464
0.141301
0.139135
0.136326
0.132252
0.126166
0.117206
0.104595
0.0882108
0.0695913
0.0528056
0.0440461
0.0490975
0.0673309
0.0907545
0.11216
0.128843
0.140836
0.149165
0.155042
0.159702
0.164908
0.176584
0.216662
0.158939
0.140016
0.190709
0.156225
0.146806
0.143463
0.141301
0.139135
0.136326
0.132252
0.126167
0.117206
0.104595
0.0882104
0.0695906
0.052805
0.044046
0.0490983
0.0673324
0.0907562
0.112161
0.128844
0.140837
0.149165
0.155042
0.159701
0.164908
0.176583
0.21666
0.158938
0.140016
0.190709
0.156225
0.146806
0.143463
0.141301
0.139135
0.136326
0.132252
0.126167
0.117206
0.104595
0.0882104
0.0695906
0.0528049
0.044046
0.0490984
0.0673326
0.0907564
0.112161
0.128844
0.140837
0.149165
0.155042
0.159702
0.164908
0.176583
0.216661
0.158938
0.140016
0.190709
0.156225
0.146806
0.143463
0.141301
0.139135
0.136326
0.132252
0.126167
0.117206
0.104595
0.0882104
0.0695905
0.0528049
0.044046
0.0490985
0.0673327
0.0907565
0.112162
0.128844
0.140837
0.149165
0.155042
0.159702
0.164908
0.176584
0.216661
0.158938
0.140016
0.190709
0.156225
0.146806
0.143463
0.141301
0.139135
0.136326
0.132252
0.126167
0.117206
0.104595
0.0882104
0.0695905
0.0528049
0.044046
0.0490986
0.0673328
0.0907564
0.112161
0.128844
0.140837
0.149165
0.155042
0.159702
0.164908
0.176584
0.216662
0.158939
0.140016
0.190709
0.156225
0.146806
0.143463
0.141301
0.139135
0.136326
0.132252
0.126167
0.117206
0.104595
0.0882104
0.0695905
0.0528048
0.044046
0.0490987
0.0673331
0.0907568
0.112162
0.128844
0.140837
0.149165
0.155042
0.159701
0.164908
0.176583
0.216661
0.158938
0.140016
0.19071
0.156226
0.146807
0.143464
0.141302
0.139135
0.136327
0.132253
0.126167
0.117206
0.104594
0.0882103
0.0695904
0.0528048
0.044046
0.0490988
0.0673333
0.0907571
0.112162
0.128844
0.140837
0.149165
0.155041
0.159701
0.164907
0.176582
0.216659
0.158937
0.140016
0.19071
0.156226
0.146807
0.143464
0.141302
0.139135
0.136327
0.132253
0.126167
0.117206
0.104594
0.0882102
0.0695904
0.0528048
0.044046
0.0490988
0.0673334
0.0907572
0.112162
0.128844
0.140837
0.149165
0.155041
0.159701
0.164907
0.176582
0.216659
0.158937
0.140016
0.19071
0.156226
0.146806
0.143463
0.141301
0.139135
0.136326
0.132252
0.126167
0.117206
0.104594
0.0882103
0.0695904
0.0528048
0.044046
0.0490987
0.0673332
0.0907571
0.112162
0.128844
0.140837
0.149165
0.155041
0.159701
0.164907
0.176582
0.21666
0.158937
0.140016
0.19071
0.156226
0.146807
0.143464
0.141302
0.139135
0.136326
0.132252
0.126166
0.117206
0.104594
0.0882102
0.0695904
0.0528048
0.044046
0.0490987
0.0673332
0.090757
0.112162
0.128844
0.140837
0.149165
0.155041
0.159701
0.164907
0.176582
0.21666
0.158937
0.140015
0.190709
0.156225
0.146806
0.143463
0.141301
0.139134
0.136326
0.132251
0.126166
0.117206
0.104594
0.0882103
0.0695906
0.052805
0.0440461
0.0490986
0.0673329
0.0907567
0.112162
0.128844
0.140837
0.149165
0.155042
0.159701
0.164908
0.176583
0.216661
0.158938
0.140014
0.190708
0.156224
0.146806
0.143462
0.1413
0.139133
0.136324
0.13225
0.126165
0.117205
0.104594
0.0882105
0.0695909
0.0528053
0.0440462
0.0490984
0.0673325
0.0907562
0.112161
0.128844
0.140837
0.149166
0.155043
0.159702
0.164909
0.176584
0.216662
0.158939
0.140015
0.190709
0.156225
0.146806
0.143463
0.141301
0.139134
0.136325
0.132251
0.126166
0.117205
0.104594
0.0882104
0.0695908
0.0528053
0.0440462
0.0490983
0.0673323
0.0907562
0.112161
0.128844
0.140837
0.149165
0.155042
0.159702
0.164908
0.176584
0.216661
0.158938
0.140015
0.190709
0.156225
0.146807
0.143464
0.141301
0.139134
0.136325
0.132251
0.126166
0.117206
0.104594
0.0882104
0.0695909
0.0528053
0.0440461
0.0490981
0.0673321
0.0907559
0.112161
0.128844
0.140837
0.149165
0.155042
0.159702
0.164908
0.176583
0.216661
0.158938
0.140016
0.19071
0.156226
0.146807
0.143464
0.141301
0.139135
0.136326
0.132252
0.126166
0.117206
0.104594
0.0882105
0.069591
0.0528054
0.0440461
0.0490979
0.0673316
0.0907555
0.112161
0.128843
0.140837
0.149165
0.155042
0.159702
0.164908
0.176583
0.216661
0.158938
)