1624
(
6675.86
2246.77
939.451
467.199
251.878
141.932
82.2419
48.6451
29.3006
17.9836
11.2702
7.22212
4.72929
3.17922
2.30683
2.15162
3.06765
5.53554
10.0069
17.4099
29.7132
50.5473
86.5388
150.288
267.508
496.874
999.935
2394.27
7111.19
6675.86
2246.77
939.453
467.2
251.879
141.932
82.2423
48.6453
29.3007
17.9837
11.2703
7.22216
4.72932
3.17923
2.30684
2.15162
3.06764
5.53551
10.0068
17.4098
29.7131
50.5471
86.5386
150.288
267.508
496.874
999.936
2394.28
7111.2
6675.85
2246.77
939.452
467.201
251.88
141.933
82.2426
48.6455
29.3008
17.9837
11.2703
7.22218
4.72933
3.17924
2.30684
2.15163
3.06763
5.5355
10.0068
17.4098
29.713
50.547
86.5383
150.288
267.508
496.873
999.936
2394.28
7111.21
6675.84
2246.76
939.453
467.202
251.881
141.933
82.243
48.6458
29.301
17.9839
11.2704
7.22225
4.72937
3.17926
2.30685
2.15163
3.06762
5.53547
10.0068
17.4097
29.7128
50.5467
86.5379
150.287
267.507
496.873
999.937
2394.28
7111.22
6675.85
2246.77
939.452
467.2
251.879
141.932
82.2423
48.6453
29.3007
17.9837
11.2703
7.22216
4.72931
3.17923
2.30684
2.15162
3.06763
5.53551
10.0068
17.4098
29.7131
50.5471
86.5385
150.288
267.508
496.873
999.935
2394.28
7111.2
6675.87
2246.77
939.451
467.199
251.878
141.931
82.2417
48.6449
29.3005
17.9835
11.2702
7.2221
4.72928
3.17921
2.30683
2.15162
3.06764
5.53554
10.0069
17.4099
29.7133
50.5475
86.5391
150.289
267.509
496.874
999.935
2394.27
7111.17
6675.86
2246.77
939.451
467.199
251.878
141.931
82.2417
48.645
29.3005
17.9836
11.2702
7.22211
4.72928
3.17921
2.30683
2.15162
3.06764
5.53554
10.0069
17.4099
29.7133
50.5474
86.539
150.289
267.509
496.874
999.935
2394.27
7111.17
6675.86
2246.77
939.451
467.199
251.878
141.931
82.2417
48.645
29.3005
17.9836
11.2702
7.22212
4.72929
3.17921
2.30683
2.15162
3.06764
5.53554
10.0069
17.4099
29.7133
50.5475
86.5391
150.289
267.509
496.874
999.935
2394.27
7111.17
6675.87
2246.77
939.451
467.199
251.878
141.931
82.2417
48.6449
29.3005
17.9836
11.2702
7.22212
4.72929
3.17922
2.30683
2.15162
3.06764
5.53554
10.0069
17.41
29.7133
50.5476
86.5392
150.289
267.509
496.875
999.935
2394.27
7111.17
6675.85
2246.77
939.452
467.2
251.879
141.932
82.2423
48.6453
29.3007
17.9837
11.2703
7.22217
4.72932
3.17924
2.30684
2.15162
3.06763
5.5355
10.0068
17.4098
29.7131
50.5471
86.5386
150.288
267.508
496.874
999.936
2394.28
7111.2
6675.84
2246.76
939.453
467.202
251.881
141.934
82.243
48.6458
29.301
17.9839
11.2704
7.22225
4.72937
3.17926
2.30686
2.15162
3.06761
5.53546
10.0068
17.4097
29.7129
50.5467
86.5379
150.287
267.507
496.873
999.937
2394.29
7111.23
6675.85
2246.77
939.453
467.201
251.88
141.933
82.2427
48.6455
29.3008
17.9837
11.2703
7.22218
4.72933
3.17925
2.30685
2.15162
3.06762
5.53548
10.0068
17.4098
29.7131
50.547
86.5384
150.288
267.508
496.874
999.937
2394.28
7111.22
6675.86
2246.77
939.453
467.2
251.879
141.932
82.2423
48.6453
29.3007
17.9837
11.2703
7.22216
4.72932
3.17924
2.30685
2.15162
3.06761
5.53548
10.0068
17.4098
29.7132
50.5473
86.5388
150.288
267.508
496.875
999.937
2394.28
7111.21
6675.86
2246.77
939.451
467.199
251.878
141.932
82.2419
48.6451
29.3006
17.9836
11.2702
7.22213
4.72931
3.17923
2.30684
2.15162
3.06761
5.53547
10.0068
17.4099
29.7133
50.5475
86.5391
150.289
267.509
496.875
999.937
2394.28
7111.2
6675.86
2246.77
939.451
467.199
251.878
141.932
82.2419
48.6451
29.3006
17.9836
11.2702
7.22212
4.72929
3.17922
2.30683
2.15162
3.06764
5.53553
10.0069
17.4099
29.7132
50.5473
86.5389
150.288
267.508
496.874
999.935
2394.27
7111.18
6675.86
2246.77
939.452
467.2
251.879
141.932
82.2422
48.6453
29.3007
17.9837
11.2703
7.22217
4.72932
3.17924
2.30684
2.15162
3.06764
5.53551
10.0068
17.4098
29.7131
50.5471
86.5386
150.288
267.508
496.874
999.936
2394.28
7111.2
6675.85
2246.77
939.452
467.201
251.88
141.933
82.2426
48.6455
29.3008
17.9837
11.2703
7.22218
4.72933
3.17924
2.30685
2.15163
3.06763
5.5355
10.0068
17.4098
29.713
50.5469
86.5382
150.287
267.507
496.873
999.936
2394.28
7111.21
6675.83
2246.76
939.452
467.201
251.88
141.933
82.243
48.6458
29.301
17.9839
11.2704
7.22224
4.72936
3.17926
2.30685
2.15163
3.06762
5.53547
10.0068
17.4097
29.7128
50.5466
86.5377
150.287
267.507
496.873
999.936
2394.28
7111.23
6675.85
2246.77
939.451
467.2
251.879
141.932
82.2422
48.6453
29.3007
17.9837
11.2703
7.22216
4.72931
3.17923
2.30684
2.15162
3.06763
5.5355
10.0068
17.4098
29.7131
50.547
86.5384
150.288
267.508
496.873
999.935
2394.28
7111.19
6675.86
2246.77
939.451
467.198
251.878
141.931
82.2416
48.6449
29.3005
17.9835
11.2702
7.22211
4.72928
3.17921
2.30683
2.15162
3.06764
5.53553
10.0069
17.4099
29.7133
50.5474
86.5391
150.289
267.509
496.874
999.935
2394.27
7111.17
6675.86
2246.77
939.451
467.198
251.878
141.931
82.2417
48.645
29.3005
17.9836
11.2702
7.22211
4.72928
3.17921
2.30683
2.15162
3.06764
5.53553
10.0069
17.4099
29.7132
50.5474
86.5389
150.288
267.508
496.874
999.934
2394.27
7111.17
6675.86
2246.77
939.451
467.198
251.877
141.931
82.2417
48.645
29.3005
17.9836
11.2702
7.22212
4.72928
3.17921
2.30683
2.15162
3.06764
5.53553
10.0069
17.4099
29.7132
50.5473
86.5388
150.288
267.508
496.874
999.934
2394.27
7111.17
6675.86
2246.77
939.451
467.198
251.877
141.931
82.2416
48.6449
29.3005
17.9836
11.2702
7.22211
4.72929
3.17921
2.30683
2.15162
3.06764
5.53552
10.0069
17.4099
29.7132
50.5473
86.5389
150.288
267.508
496.874
999.934
2394.27
7111.17
6675.85
2246.77
939.451
467.2
251.879
141.932
82.2423
48.6454
29.3008
17.9837
11.2703
7.22217
4.72932
3.17923
2.30684
2.15162
3.06764
5.5355
10.0068
17.4097
29.713
50.5469
86.5382
150.288
267.507
496.873
999.935
2394.28
7111.2
6675.83
2246.76
939.452
467.202
251.881
141.934
82.2432
48.6459
29.3011
17.984
11.2704
7.22227
4.72938
3.17926
2.30685
2.15163
3.06763
5.53546
10.0067
17.4096
29.7127
50.5465
86.5376
150.287
267.506
496.873
999.936
2394.28
7111.23
6675.85
2246.77
939.451
467.2
251.879
141.932
82.2424
48.6454
29.3008
17.9838
11.2703
7.22219
4.72933
3.17924
2.30684
2.15163
3.06764
5.53549
10.0068
17.4097
29.7128
50.5467
86.5379
150.287
267.507
496.873
999.935
2394.28
7111.21
6675.87
2246.77
939.45
467.198
251.877
141.931
82.2415
48.6449
29.3005
17.9836
11.2702
7.22212
4.72928
3.17921
2.30682
2.15162
3.06765
5.53552
10.0068
17.4097
29.7129
50.5468
86.5381
150.287
267.507
496.872
999.934
2394.27
7111.19
6675.87
2246.77
939.45
467.198
251.877
141.931
82.2416
48.645
29.3005
17.9836
11.2702
7.22212
4.72928
3.1792
2.30682
2.15162
3.06766
5.53555
10.0069
17.4098
29.713
50.5469
86.5382
150.287
267.507
496.872
999.933
2394.27
7111.17
6675.86
2246.77
939.451
467.199
251.878
141.932
82.2419
48.6451
29.3006
17.9836
11.2702
7.22214
4.72931
3.17924
2.30685
2.15161
3.06759
5.53544
10.0068
17.4098
29.7131
50.5473
86.5389
150.289
267.509
496.875
999.938
2394.28
7111.21
6675.86
2246.77
939.452
467.2
251.879
141.932
82.2422
48.6453
29.3007
17.9837
11.2703
7.22218
4.72934
3.17926
2.30686
2.15161
3.06758
5.5354
10.0067
17.4097
29.713
50.5471
86.5387
150.288
267.509
496.876
999.94
2394.29
7111.23
6675.85
2246.77
939.452
467.201
251.88
141.933
82.2426
48.6455
29.3008
17.9837
11.2703
7.2222
4.72935
3.17927
2.30686
2.15161
3.06756
5.53538
10.0067
17.4096
29.7129
50.547
86.5385
150.288
267.508
496.875
999.94
2394.29
7111.24
6675.83
2246.76
939.452
467.201
251.88
141.933
82.243
48.6458
29.301
17.9839
11.2704
7.22226
4.72939
3.17928
2.30687
2.15161
3.06755
5.53535
10.0066
17.4095
29.7128
50.5467
86.538
150.287
267.508
496.875
999.94
2394.29
7111.25
6675.85
2246.77
939.451
467.2
251.879
141.932
82.2422
48.6453
29.3007
17.9837
11.2703
7.22218
4.72934
3.17926
2.30686
2.15161
3.06756
5.53538
10.0067
17.4097
29.713
50.5471
86.5387
150.288
267.509
496.875
999.939
2394.29
7111.22
6675.86
2246.77
939.451
467.198
251.878
141.931
82.2416
48.6449
29.3005
17.9835
11.2702
7.22213
4.72931
3.17924
2.30685
2.1516
3.06757
5.53541
10.0068
17.4098
29.7132
50.5475
86.5393
150.289
267.51
496.876
999.939
2394.28
7111.2
6675.86
2246.77
939.45
467.198
251.878
141.931
82.2417
48.645
29.3005
17.9836
11.2702
7.22213
4.72931
3.17924
2.30684
2.1516
3.06757
5.53541
10.0068
17.4098
29.7132
50.5475
86.5392
150.289
267.51
496.876
999.938
2394.28
7111.2
6675.86
2246.77
939.45
467.198
251.878
141.931
82.2417
48.645
29.3005
17.9836
11.2702
7.22213
4.72931
3.17924
2.30684
2.1516
3.06757
5.53541
10.0068
17.4098
29.7132
50.5475
86.5392
150.289
267.51
496.876
999.938
2394.28
7111.2
6675.86
2246.77
939.45
467.198
251.877
141.931
82.2416
48.6449
29.3005
17.9835
11.2702
7.22213
4.72931
3.17924
2.30685
2.15161
3.06757
5.53541
10.0068
17.4098
29.7132
50.5475
86.5393
150.289
267.51
496.876
999.938
2394.28
7111.2
6675.85
2246.77
939.451
467.2
251.879
141.932
82.2422
48.6453
29.3007
17.9837
11.2703
7.22217
4.72934
3.17926
2.30686
2.15161
3.06757
5.53538
10.0067
17.4097
29.713
50.5471
86.5386
150.288
267.509
496.875
999.939
2394.29
7111.22
6675.83
2246.76
939.452
467.201
251.88
141.933
82.243
48.6458
29.301
17.9839
11.2704
7.22226
4.72938
3.17928
2.30687
2.15161
3.06756
5.53536
10.0066
17.4095
29.7127
50.5466
86.5379
150.287
267.508
496.874
999.94
2394.29
7111.25
6675.84
2246.77
939.452
467.201
251.88
141.933
82.2426
48.6455
29.3008
17.9837
11.2703
7.2222
4.72935
3.17926
2.30686
2.15162
3.06758
5.5354
10.0067
17.4096
29.7129
50.5469
86.5383
150.288
267.508
496.875
999.939
2394.29
7111.23
6675.86
2246.77
939.452
467.2
251.879
141.932
82.2422
48.6453
29.3007
17.9837
11.2703
7.22218
4.72933
3.17925
2.30685
2.15162
3.0676
5.53543
10.0067
17.4097
29.713
50.547
86.5386
150.288
267.509
496.875
999.939
2394.29
7111.22
6675.86
2246.77
939.451
467.199
251.878
141.932
82.2419
48.6451
29.3006
17.9836
11.2702
7.22214
4.72931
3.17923
2.30684
2.15162
3.06762
5.53548
10.0068
17.4098
29.7131
50.5472
86.5387
150.288
267.508
496.874
999.936
2394.28
7111.2
6675.86
2246.77
939.45
467.198
251.877
141.931
82.2418
48.6451
29.3006
17.9836
11.2702
7.22212
4.72928
3.1792
2.30682
2.15163
3.06768
5.53558
10.0069
17.4099
29.7131
50.5471
86.5384
150.288
267.507
496.872
999.931
2394.27
7111.16
6675.86
2246.77
939.45
467.198
251.878
141.931
82.2419
48.6451
29.3006
17.9836
11.2702
7.22213
4.72928
3.1792
2.30682
2.15163
3.06768
5.53559
10.0069
17.4098
29.713
50.5469
86.538
150.287
267.507
496.871
999.932
2394.27
7111.17
6675.86
2246.77
939.45
467.198
251.877
141.931
82.2418
48.6451
29.3006
17.9836
11.2702
7.22213
4.72928
3.1792
2.30682
2.15163
3.06769
5.53559
10.0069
17.4098
29.7129
50.5466
86.5376
150.286
267.506
496.87
999.931
2394.27
7111.17
6675.85
2246.77
939.449
467.198
251.877
141.931
82.2418
48.6451
29.3006
17.9836
11.2702
7.22213
4.72928
3.1792
2.30682
2.15163
3.06769
5.53558
10.0069
17.4097
29.7127
50.5463
86.5371
150.286
267.505
496.869
999.93
2394.27
7111.18
6675.86
2246.77
939.45
467.198
251.877
141.931
82.2418
48.6451
29.3006
17.9836
11.2702
7.22213
4.72928
3.1792
2.30681
2.15163
3.0677
5.53561
10.0069
17.4098
29.713
50.5468
86.5379
150.287
267.506
496.871
999.93
2394.27
7111.16
6675.87
2246.77
939.451
467.198
251.877
141.931
82.2416
48.645
29.3006
17.9836
11.2702
7.22211
4.72927
3.17919
2.30681
2.15163
3.06771
5.53565
10.007
17.41
29.7133
50.5474
86.5388
150.288
267.508
496.872
999.931
2394.26
7111.15
6675.87
2246.77
939.45
467.198
251.877
141.931
82.2416
48.645
29.3005
17.9836
11.2702
7.2221
4.72927
3.17919
2.30681
2.15163
3.06772
5.53566
10.007
17.41
29.7133
50.5473
86.5388
150.288
267.508
496.872
999.931
2394.26
7111.15
6675.86
2246.77
939.451
467.198
251.878
141.931
82.2418
48.6451
29.3006
17.9836
11.2702
7.22212
4.72928
3.1792
2.30682
2.15163
3.06771
5.53565
10.007
17.41
29.7132
50.5472
86.5386
150.288
267.507
496.872
999.931
2394.26
7111.15
6675.87
2246.77
939.451
467.199
251.878
141.931
82.2417
48.645
29.3005
17.9836
11.2702
7.22211
4.72927
3.1792
2.30682
2.15164
3.06771
5.53564
10.007
17.41
29.7133
50.5473
86.5387
150.288
267.508
496.872
999.931
2394.26
7111.15
6675.85
2246.77
939.452
467.2
251.879
141.932
82.2423
48.6453
29.3007
17.9837
11.2703
7.22215
4.7293
3.17921
2.30683
2.15164
3.0677
5.53562
10.007
17.4099
29.7131
50.547
86.5382
150.287
267.507
496.872
999.932
2394.27
7111.17
6675.84
2246.77
939.453
467.202
251.881
141.933
82.243
48.6458
29.301
17.9839
11.2704
7.22223
4.72935
3.17924
2.30684
2.15164
3.06768
5.53558
10.0069
17.4098
29.7129
50.5466
86.5375
150.286
267.506
496.871
999.934
2394.28
7111.2
6675.85
2246.77
939.453
467.201
251.88
141.933
82.2426
48.6455
29.3008
17.9837
11.2703
7.22217
4.72932
3.17923
2.30684
2.15164
3.06768
5.53558
10.0069
17.4099
29.7131
50.5469
86.5381
150.287
267.507
496.872
999.933
2394.28
7111.19
6675.86
2246.77
939.453
467.2
251.879
141.932
82.2423
48.6453
29.3007
17.9837
11.2703
7.22215
4.72931
3.17923
2.30684
2.15163
3.06767
5.53557
10.0069
17.4099
29.7132
50.5472
86.5386
150.288
267.508
496.873
999.934
2394.27
7111.19
6675.86
2246.77
939.451
467.199
251.878
141.932
82.2419
48.6451
29.3006
17.9836
11.2702
7.22212
4.72929
3.17922
2.30684
2.15163
3.06765
5.53554
10.0069
17.4099
29.7133
50.5474
86.5389
150.288
267.508
496.873
999.934
2394.27
7111.18
)