1624
(
(0.000450536 0.00041705 2.94339)
(-0.000176975 -0.000140745 3.71813)
(-6.74654e-05 -4.18274e-05 4.11732)
(-2.86005e-05 -6.66146e-06 4.45464)
(-2.97556e-05 -7.76289e-06 4.76055)
(-3.63155e-05 -1.41472e-05 5.04731)
(-3.7952e-05 -1.6551e-05 5.32269)
(-3.80881e-05 -1.80186e-05 5.59095)
(-3.79207e-05 -1.96418e-05 5.85399)
(-3.6885e-05 -2.09518e-05 6.11165)
(-3.44498e-05 -2.1407e-05 6.36127)
(-3.0441e-05 -2.05094e-05 6.59668)
(-2.51169e-05 -1.79037e-05 6.80706)
(-1.91421e-05 -1.37832e-05 6.97713)
(-1.39384e-05 -9.42848e-06 7.0907)
(-1.0567e-05 -6.11769e-06 7.13473)
(-9.57826e-06 -4.64275e-06 7.09649)
(-1.05202e-05 -4.78347e-06 6.97018)
(-1.19276e-05 -5.42902e-06 6.77338)
(-1.27863e-05 -5.91507e-06 6.53331)
(-1.28509e-05 -6.11603e-06 6.26963)
(-1.21819e-05 -5.97012e-06 5.99297)
(-1.08547e-05 -5.36155e-06 5.70762)
(-1.06114e-05 -5.7286e-06 5.41361)
(-1.54049e-05 -1.0556e-05 5.1073)
(-1.40515e-05 -9.8362e-06 4.78079)
(3.09867e-05 2.99716e-05 4.42119)
(0.000153666 0.000139189 3.99588)
(-0.000518675 -0.000462079 3.16812)
(0.000482426 0.000362096 2.94338)
(-0.000206593 -0.000122802 3.71812)
(-8.80835e-05 -3.73118e-05 4.11731)
(-4.65049e-05 -7.27835e-06 4.45464)
(-4.8458e-05 -8.84e-06 4.76054)
(-5.60689e-05 -1.50457e-05 5.0473)
(-5.79578e-05 -1.77632e-05 5.32268)
(-5.77059e-05 -1.95002e-05 5.59095)
(-5.63827e-05 -2.10424e-05 5.85399)
(-5.31382e-05 -2.1869e-05 6.11164)
(-4.73878e-05 -2.15586e-05 6.36126)
(-3.94012e-05 -1.99412e-05 6.59668)
(-3.03342e-05 -1.69821e-05 6.80706)
(-2.16195e-05 -1.28754e-05 6.97713)
(-1.48761e-05 -8.70198e-06 7.09069)
(-1.08223e-05 -5.5162e-06 7.13473)
(-9.67148e-06 -3.99679e-06 7.09649)
(-1.0745e-05 -3.98117e-06 6.97018)
(-1.24556e-05 -4.61405e-06 6.77339)
(-1.3785e-05 -5.43701e-06 6.53331)
(-1.44743e-05 -6.27508e-06 6.26964)
(-1.44415e-05 -6.84606e-06 5.99297)
(-1.3564e-05 -6.86817e-06 5.70763)
(-1.36587e-05 -7.53879e-06 5.41361)
(-1.90728e-05 -1.19056e-05 5.10731)
(-1.7627e-05 -1.13186e-05 4.7808)
(3.16985e-05 2.33236e-05 4.42119)
(0.000166044 0.00011836 3.99589)
(-0.000568889 -0.000403326 3.16812)
(0.000515088 0.000300902 2.94338)
(-0.000225281 -0.000105081 3.71811)
(-9.8574e-05 -3.3979e-05 4.1173)
(-5.43182e-05 -9.18484e-06 4.45463)
(-5.66953e-05 -1.07757e-05 4.76054)
(-6.5029e-05 -1.62188e-05 5.0473)
(-6.70565e-05 -1.87168e-05 5.32268)
(-6.65874e-05 -2.03914e-05 5.59094)
(-6.47704e-05 -2.1943e-05 5.85399)
(-6.07057e-05 -2.29283e-05 6.11164)
(-5.37277e-05 -2.28027e-05 6.36126)
(-4.40773e-05 -2.10529e-05 6.59668)
(-3.31653e-05 -1.75073e-05 6.80706)
(-2.29194e-05 -1.27494e-05 6.97713)
(-1.52539e-05 -8.22765e-06 7.09069)
(-1.07888e-05 -4.91681e-06 7.13473)
(-9.57373e-06 -3.25279e-06 7.09649)
(-1.08168e-05 -2.94469e-06 6.97018)
(-1.28837e-05 -3.25917e-06 6.77339)
(-1.46909e-05 -3.8894e-06 6.53332)
(-1.58209e-05 -4.74367e-06 6.26964)
(-1.60928e-05 -5.5395e-06 5.99297)
(-1.54059e-05 -5.95191e-06 5.70763)
(-1.57374e-05 -6.88592e-06 5.41362)
(-2.17249e-05 -1.08273e-05 5.10731)
(-2.02752e-05 -1.05262e-05 4.7808)
(3.26371e-05 1.83391e-05 4.4212)
(0.000176882 9.77849e-05 3.99589)
(-0.000611586 -0.000338121 3.16813)
(0.000543545 0.000206849 2.94337)
(-0.000239005 -0.000121002 3.71811)
(-0.000106147 -6.72805e-05 4.11729)
(-6.05362e-05 -4.89073e-05 4.45462)
(-6.436e-05 -5.03825e-05 4.76053)
(-7.45576e-05 -5.39641e-05 5.04729)
(-7.7933e-05 -5.42789e-05 5.32267)
(-7.80977e-05 -5.29059e-05 5.59094)
(-7.5765e-05 -5.01566e-05 5.85398)
(-6.96705e-05 -4.54295e-05 6.11164)
(-5.94434e-05 -3.84753e-05 6.36126)
(-4.64873e-05 -2.99019e-05 6.59667)
(-3.34276e-05 -2.10938e-05 6.80705)
(-2.23722e-05 -1.34358e-05 6.97713)
(-1.46173e-05 -7.80726e-06 7.09069)
(-1.02575e-05 -4.18474e-06 7.13473)
(-9.18651e-06 -2.31399e-06 7.09649)
(-1.06426e-05 -1.55265e-06 6.97019)
(-1.32028e-05 -1.13172e-06 6.77339)
(-1.61517e-05 -7.77733e-07 6.53332)
(-1.92041e-05 -5.39748e-07 6.26964)
(-2.16984e-05 -3.10561e-07 5.99298)
(-2.2881e-05 1.45063e-07 5.70764)
(-2.4523e-05 8.74922e-08 5.41363)
(-3.15403e-05 -2.50357e-06 5.10732)
(-3.02404e-05 -1.94438e-06 4.78081)
(2.57603e-05 2.09704e-05 4.42121)
(0.000178558 8.36251e-05 3.9959)
(-0.000652267 -0.000262103 3.16813)
(0.000596942 0.000123746 2.94338)
(-0.000208996 -0.000118119 3.71812)
(-6.70252e-05 -8.05556e-05 4.11731)
(-1.6821e-05 -6.73023e-05 4.45464)
(-1.87801e-05 -6.7359e-05 4.76054)
(-2.81624e-05 -6.80485e-05 5.0473)
(-3.15067e-05 -6.56648e-05 5.32269)
(-3.30819e-05 -6.15498e-05 5.59095)
(-3.43466e-05 -5.60825e-05 5.85399)
(-3.45605e-05 -4.88795e-05 6.11165)
(-3.30504e-05 -3.98048e-05 6.36127)
(-2.95119e-05 -2.95863e-05 6.59668)
(-2.40491e-05 -1.97323e-05 6.80706)
(-1.79396e-05 -1.18544e-05 6.97713)
(-1.25441e-05 -6.41621e-06 7.0907)
(-9.16018e-06 -3.05887e-06 7.13473)
(-8.4182e-06 -1.23174e-06 7.09649)
(-9.79268e-06 -1.01945e-07 6.97018)
(-1.18348e-05 1.2112e-06 6.77339)
(-1.37209e-05 3.19894e-06 6.53332)
(-1.52331e-05 5.79219e-06 6.26964)
(-1.61186e-05 8.60416e-06 5.99297)
(-1.60801e-05 1.12656e-05 5.70763)
(-1.71337e-05 1.29532e-05 5.41362)
(-2.42999e-05 1.21573e-05 5.10731)
(-2.31726e-05 1.30371e-05 4.7808)
(3.45976e-05 2.95221e-05 4.42119)
(0.000192774 7.41428e-05 3.99589)
(-0.000673024 -0.000178226 3.16812)
(0.000623466 7.74144e-05 2.94339)
(-0.000199957 -6.82515e-05 3.71814)
(-5.23161e-05 -4.52003e-05 4.11733)
(9.30017e-07 -3.69478e-05 4.45465)
(5.23518e-07 -3.68192e-05 4.76056)
(-7.70539e-06 -3.71628e-05 5.04731)
(-1.01298e-05 -3.57879e-05 5.3227)
(-1.14026e-05 -3.35947e-05 5.59096)
(-1.33434e-05 -3.09161e-05 5.854)
(-1.54815e-05 -2.75549e-05 6.11165)
(-1.72181e-05 -2.3252e-05 6.36127)
(-1.77874e-05 -1.79597e-05 6.59668)
(-1.66903e-05 -1.23836e-05 6.80706)
(-1.39067e-05 -7.45952e-06 6.97713)
(-1.04895e-05 -3.86126e-06 7.0907)
(-8.02381e-06 -1.55809e-06 7.13473)
(-7.55733e-06 -2.07147e-07 7.09649)
(-8.71223e-06 7.93433e-07 6.97018)
(-9.98555e-06 2.03911e-06 6.77339)
(-1.0509e-05 3.76858e-06 6.53331)
(-1.026e-05 5.75856e-06 6.26963)
(-9.35717e-06 7.66896e-06 5.99297)
(-7.81698e-06 9.31851e-06 5.70762)
(-7.86567e-06 1.02847e-05 5.41361)
(-1.46714e-05 9.69871e-06 5.1073)
(-1.33969e-05 1.00957e-05 4.78079)
(4.56138e-05 1.99061e-05 4.42118)
(0.00020722 4.66932e-05 3.99588)
(-0.000682975 -0.000106386 3.16811)
(0.000628802 2.88488e-05 2.94339)
(-0.0002057 -1.9348e-05 3.71813)
(-5.62316e-05 -1.14262e-05 4.11732)
(-2.20472e-06 -8.59096e-06 4.45465)
(-2.36729e-06 -8.58328e-06 4.76055)
(-1.02954e-05 -8.83003e-06 5.04731)
(-1.21685e-05 -8.59261e-06 5.32269)
(-1.26674e-05 -8.1771e-06 5.59096)
(-1.36034e-05 -7.71338e-06 5.854)
(-1.45477e-05 -7.1474e-06 6.11165)
(-1.51392e-05 -6.34422e-06 6.36127)
(-1.51035e-05 -5.12414e-06 6.59668)
(-1.41681e-05 -3.59253e-06 6.80706)
(-1.20958e-05 -2.01895e-06 6.97713)
(-9.39197e-06 -7.48185e-07 7.0907)
(-7.3253e-06 1.54406e-07 7.13473)
(-6.9766e-06 7.7291e-07 7.09649)
(-7.97941e-06 1.3111e-06 6.97018)
(-8.84159e-06 1.95275e-06 6.77339)
(-8.80396e-06 2.72944e-06 6.53331)
(-8.06594e-06 3.50585e-06 6.26963)
(-6.8759e-06 4.15149e-06 5.99297)
(-5.21227e-06 4.63834e-06 5.70762)
(-5.24917e-06 4.86406e-06 5.41361)
(-1.21767e-05 4.56063e-06 5.1073)
(-1.09564e-05 4.58432e-06 4.78079)
(4.86963e-05 7.75549e-06 4.42118)
(0.000212193 1.65966e-05 3.99588)
(-0.000689916 -3.4835e-05 3.16812)
(0.000628843 -2.81047e-05 2.94339)
(-0.000205647 2.02826e-05 3.71813)
(-5.6174e-05 1.24549e-05 4.11732)
(-2.1434e-06 9.69481e-06 4.45465)
(-2.30315e-06 9.75193e-06 4.76055)
(-1.02294e-05 1.00581e-05 5.04731)
(-1.21014e-05 9.87798e-06 5.32269)
(-1.25999e-05 9.5146e-06 5.59096)
(-1.35362e-05 9.08611e-06 5.85399)
(-1.44794e-05 8.52989e-06 6.11165)
(-1.50629e-05 7.72274e-06 6.36127)
(-1.50047e-05 6.53028e-06 6.59668)
(-1.40636e-05 5.06109e-06 6.80706)
(-1.19914e-05 3.61382e-06 6.97714)
(-9.28239e-06 2.53802e-06 7.0907)
(-7.20153e-06 1.93278e-06 7.13474)
(-6.82661e-06 1.70925e-06 7.09649)
(-7.7913e-06 1.65146e-06 6.97018)
(-8.59222e-06 1.53624e-06 6.77339)
(-8.45879e-06 1.29521e-06 6.53331)
(-7.59507e-06 1.02533e-06 6.26963)
(-6.27481e-06 8.00122e-07 5.99297)
(-4.50326e-06 6.01026e-07 5.70762)
(-4.46856e-06 5.16685e-07 5.41361)
(-1.13625e-05 8.24631e-07 5.1073)
(-1.01417e-05 6.79749e-07 4.78079)
(4.94826e-05 -2.74075e-06 4.42118)
(0.000212918 -1.19866e-05 3.99588)
(-0.000689328 3.87179e-05 3.16811)
(0.000623603 -7.6604e-05 2.94339)
(-0.000199785 6.92689e-05 3.71813)
(-5.21272e-05 4.63199e-05 4.11732)
(1.13158e-06 3.81491e-05 4.45465)
(7.34721e-07 3.80894e-05 4.76055)
(-7.48774e-06 3.8492e-05 5.04731)
(-9.90966e-06 3.71655e-05 5.32269)
(-1.11851e-05 3.50037e-05 5.59096)
(-1.31334e-05 3.23323e-05 5.854)
(-1.52805e-05 2.89586e-05 6.11165)
(-1.70052e-05 2.4647e-05 6.36127)
(-1.76419e-05 1.94383e-05 6.59668)
(-1.6458e-05 1.38733e-05 6.80706)
(-1.36518e-05 9.06748e-06 6.97713)
(-1.0195e-05 5.65159e-06 7.0907)
(-7.67071e-06 3.62865e-06 7.13474)
(-7.12464e-06 2.65313e-06 7.09649)
(-8.18054e-06 2.09302e-06 6.97018)
(-9.31543e-06 1.28566e-06 6.77339)
(-9.63988e-06 -8.47713e-08 6.53331)
(-9.13609e-06 -1.83888e-06 6.26963)
(-7.97532e-06 -3.64049e-06 5.99297)
(-6.23568e-06 -5.28793e-06 5.70762)
(-6.17026e-06 -6.33405e-06 5.41361)
(-1.29414e-05 -5.88988e-06 5.1073)
(-1.16955e-05 -6.4818e-06 4.78079)
(4.72343e-05 -1.65453e-05 4.42118)
(0.0002087 -4.36664e-05 3.99588)
(-0.000681779 0.000108935 3.16811)
(0.000597197 -0.000122852 2.94338)
(-0.000208677 0.000119237 3.71812)
(-6.66762e-05 8.17814e-05 4.11731)
(-1.64497e-05 6.86089e-05 4.45464)
(-1.83932e-05 6.87249e-05 4.76054)
(-2.77675e-05 6.94508e-05 5.0473)
(-3.11127e-05 6.70779e-05 5.32269)
(-3.26967e-05 6.29487e-05 5.59095)
(-3.39733e-05 5.74508e-05 5.85399)
(-3.4199e-05 5.02199e-05 6.11165)
(-3.2687e-05 4.11351e-05 6.36127)
(-2.91358e-05 3.09337e-05 6.59668)
(-2.36681e-05 2.11343e-05 6.80706)
(-1.75096e-05 1.33939e-05 6.97713)
(-1.20516e-05 8.16202e-06 7.0907)
(-8.57787e-06 5.08658e-06 7.13474)
(-7.7205e-06 3.62127e-06 7.09649)
(-8.97651e-06 2.9011e-06 6.97019)
(-1.09088e-05 1.97302e-06 6.77339)
(-1.2721e-05 2.54527e-07 6.53332)
(-1.42099e-05 -2.22761e-06 6.26964)
(-1.51151e-05 -5.06694e-06 5.99297)
(-1.51189e-05 -7.84547e-06 5.70763)
(-1.62258e-05 -9.70844e-06 5.41362)
(-2.34512e-05 -9.12162e-06 5.10731)
(-2.23882e-05 -1.02333e-05 4.7808)
(3.53105e-05 -2.69765e-05 4.4212)
(0.000193402 -7.19014e-05 3.99589)
(-0.000672497 0.000180104 3.16813)
(0.000543917 -0.000205939 2.94337)
(-0.000238538 0.000122142 3.71811)
(-0.000105633 6.85338e-05 4.11729)
(-5.99859e-05 5.02479e-05 4.45462)
(-6.37811e-05 5.17899e-05 4.76053)
(-7.39592e-05 5.5415e-05 5.04729)
(-7.73266e-05 5.57431e-05 5.32267)
(-7.74974e-05 5.43481e-05 5.59094)
(-7.51809e-05 5.15529e-05 5.85398)
(-6.91041e-05 4.67814e-05 6.11164)
(-5.88902e-05 3.97979e-05 6.36126)
(-4.59366e-05 3.12276e-05 6.59667)
(-3.28528e-05 2.2476e-05 6.80706)
(-2.17592e-05 1.49242e-05 6.97713)
(-1.39221e-05 9.4986e-06 7.0907)
(-9.44068e-06 6.16318e-06 7.13474)
(-8.22129e-06 4.65421e-06 7.09649)
(-9.52804e-06 4.31285e-06 6.97019)
(-1.19724e-05 4.31403e-06 6.7734)
(-1.48826e-05 4.32137e-06 6.53333)
(-1.79792e-05 4.3544e-06 6.26965)
(-2.05722e-05 4.29642e-06 5.99298)
(-2.18714e-05 3.90592e-06 5.70764)
(-2.36235e-05 3.93129e-06 5.41363)
(-3.07358e-05 6.40946e-06 5.10733)
(-2.95187e-05 5.66909e-06 4.78082)
(2.64038e-05 -1.7496e-05 4.42121)
(0.000179121 -8.0492e-05 3.99591)
(-0.000651765 0.000264722 3.16814)
(0.000515517 -0.000300123 2.94338)
(-0.000224744 0.000106059 3.71812)
(-9.79828e-05 3.50533e-05 4.1173)
(-5.36848e-05 1.03343e-05 4.45463)
(-5.60283e-05 1.19838e-05 4.76054)
(-6.4337e-05 1.74683e-05 5.0473)
(-6.635e-05 1.99859e-05 5.32268)
(-6.58784e-05 2.16559e-05 5.59095)
(-6.40687e-05 2.31843e-05 5.85399)
(-6.00136e-05 2.4144e-05 6.11165)
(-5.30394e-05 2.40111e-05 6.36127)
(-4.33814e-05 2.22881e-05 6.59668)
(-3.24306e-05 1.8819e-05 6.80706)
(-2.21204e-05 1.41803e-05 6.97713)
(-1.43404e-05 9.85935e-06 7.0907)
(-9.72091e-06 6.83566e-06 7.13474)
(-8.32148e-06 5.52723e-06 7.0965)
(-9.36216e-06 5.64691e-06 6.97019)
(-1.12408e-05 6.4313e-06 6.7734)
(-1.2915e-05 7.53692e-06 6.53332)
(-1.39811e-05 8.83142e-06 6.26964)
(-1.42353e-05 9.99292e-06 5.99298)
(-1.35639e-05 1.065e-05 5.70764)
(-1.39322e-05 1.16943e-05 5.41363)
(-1.9973e-05 1.56213e-05 5.10732)
(-1.85962e-05 1.51937e-05 4.78081)
(3.42159e-05 -1.39099e-05 4.4212)
(0.000178322 -9.37301e-05 3.9959)
(-0.000610342 0.000341517 3.16813)
(0.000482999 -0.000361288 2.94338)
(-0.000205876 0.000123814 3.71812)
(-8.72967e-05 3.84225e-05 4.11731)
(-4.56651e-05 8.46399e-06 4.45464)
(-4.75781e-05 1.00821e-05 4.76054)
(-5.51624e-05 1.63249e-05 5.0473)
(-5.70393e-05 1.9058e-05 5.32269)
(-5.67894e-05 2.0788e-05 5.59095)
(-5.5478e-05 2.23048e-05 5.85399)
(-5.22461e-05 2.30983e-05 6.11165)
(-4.6497e-05 2.27643e-05 6.36127)
(-3.84916e-05 2.11522e-05 6.59668)
(-2.93716e-05 1.82525e-05 6.80706)
(-2.0586e-05 1.42585e-05 6.97713)
(-1.37191e-05 1.02724e-05 7.0907)
(-9.49122e-06 7.35805e-06 7.13474)
(-8.12193e-06 6.17632e-06 7.0965)
(-8.93006e-06 6.56399e-06 6.97019)
(-1.03424e-05 7.64644e-06 6.7734)
(-1.13676e-05 8.92848e-06 6.53332)
(-1.17669e-05 1.01967e-05 6.26964)
(-1.14806e-05 1.11261e-05 5.99298)
(-1.04136e-05 1.13971e-05 5.70764)
(-1.04017e-05 1.21924e-05 5.41362)
(-1.57935e-05 1.65668e-05 5.10731)
(-1.44064e-05 1.5879e-05 4.7808)
(3.47775e-05 -1.89749e-05 4.4212)
(0.000168882 -0.000114357 3.99589)
(-0.000566501 0.000406695 3.16813)
(0.000451239 -0.000416264 2.94339)
(-0.000176095 0.000141729 3.71813)
(-6.65009e-05 4.29056e-05 4.11732)
(-2.75726e-05 7.81055e-06 4.45464)
(-2.86807e-05 8.96442e-06 4.76055)
(-3.521e-05 1.53826e-05 5.04731)
(-3.68329e-05 1.78004e-05 5.32269)
(-3.6971e-05 1.92627e-05 5.59095)
(-3.68152e-05 2.0867e-05 5.85399)
(-3.57882e-05 2.21579e-05 6.11165)
(-3.33471e-05 2.2607e-05 6.36127)
(-2.931e-05 2.17271e-05 6.59668)
(-2.39347e-05 1.91823e-05 6.80706)
(-1.78759e-05 1.51485e-05 6.97713)
(-1.25399e-05 1.09559e-05 7.0907)
(-8.97876e-06 7.88469e-06 7.13474)
(-7.74663e-06 6.70733e-06 7.0965)
(-8.38096e-06 7.1929e-06 6.97019)
(-9.4325e-06 8.19306e-06 6.7734)
(-9.92979e-06 8.97461e-06 6.53333)
(-9.66554e-06 9.35553e-06 6.26965)
(-8.7422e-06 9.27443e-06 5.99298)
(-7.2619e-06 8.65283e-06 5.70763)
(-6.97115e-06 8.95887e-06 5.41362)
(-1.18101e-05 1.36869e-05 5.10731)
(-1.05805e-05 1.28276e-05 4.7808)
(3.42584e-05 -2.71693e-05 4.4212)
(0.000156644 -0.000136646 3.99589)
(-0.000516198 0.000464233 3.16812)
(0.000415131 0.000452252 2.94339)
(-0.000143144 -0.00017483 3.71813)
(-4.44555e-05 -6.51153e-05 4.11732)
(-9.45997e-06 -2.6098e-05 4.45464)
(-1.06859e-05 -2.71419e-05 4.76055)
(-1.71483e-05 -3.3632e-05 5.04731)
(-1.9581e-05 -3.52432e-05 5.32269)
(-2.10292e-05 -3.53976e-05 5.59095)
(-2.25981e-05 -3.52808e-05 5.85399)
(-2.38504e-05 -3.43007e-05 6.11165)
(-2.42788e-05 -3.18956e-05 6.36127)
(-2.34167e-05 -2.78594e-05 6.59668)
(-2.0951e-05 -2.24201e-05 6.80706)
(-1.70357e-05 -1.62377e-05 6.97713)
(-1.30491e-05 -1.06842e-05 7.09069)
(-1.02691e-05 -6.82031e-06 7.13473)
(-9.45748e-06 -5.22663e-06 7.09649)
(-1.03993e-05 -5.45215e-06 6.97018)
(-1.19052e-05 -6.07656e-06 6.77338)
(-1.31653e-05 -6.17296e-06 6.53331)
(-1.39379e-05 -5.57686e-06 6.26963)
(-1.41296e-05 -4.41764e-06 5.99297)
(-1.36551e-05 -2.80544e-06 5.70762)
(-1.39912e-05 -2.48422e-06 5.41361)
(-1.86429e-05 -7.38766e-06 5.1073)
(-1.76124e-05 -6.30813e-06 4.78079)
(2.26465e-05 3.82985e-05 4.42119)
(0.000132495 0.000160352 3.99588)
(-0.000467574 -0.000513211 3.16812)
(0.000359954 0.000483943 2.94338)
(-0.000125479 -0.000204698 3.71812)
(-4.02426e-05 -8.60073e-05 4.11731)
(-1.03978e-05 -4.42947e-05 4.45463)
(-1.20966e-05 -4.615e-05 4.76054)
(-1.83876e-05 -5.36996e-05 5.0473)
(-2.1135e-05 -5.55663e-05 5.32268)
(-2.28478e-05 -5.53305e-05 5.59095)
(-2.43263e-05 -5.40513e-05 5.85399)
(-2.50832e-05 -5.08557e-05 6.11164)
(-2.47365e-05 -4.51305e-05 6.36126)
(-2.31534e-05 -3.71187e-05 6.59668)
(-2.03426e-05 -2.79379e-05 6.80706)
(-1.64699e-05 -1.904e-05 6.97713)
(-1.26939e-05 -1.19738e-05 7.09069)
(-1.00719e-05 -7.47565e-06 7.13473)
(-9.25744e-06 -5.796e-06 7.09649)
(-1.01172e-05 -6.27052e-06 6.97018)
(-1.17367e-05 -7.34112e-06 6.77339)
(-1.35395e-05 -8.04512e-06 6.53331)
(-1.52421e-05 -8.1755e-06 6.26963)
(-1.64881e-05 -7.68562e-06 5.99297)
(-1.6942e-05 -6.4942e-06 5.70763)
(-1.77857e-05 -6.44598e-06 5.41361)
(-2.2087e-05 -1.18857e-05 5.10731)
(-2.1218e-05 -1.06238e-05 4.7808)
(1.39212e-05 3.83603e-05 4.42119)
(0.000109714 0.000172174 3.99589)
(-0.000410438 -0.000563844 3.16812)
(0.000298462 0.000516433 2.94338)
(-0.000108127 -0.000223602 3.71811)
(-3.73119e-05 -9.67354e-05 4.1173)
(-1.27301e-05 -5.2361e-05 4.45463)
(-1.44747e-05 -5.4651e-05 4.76053)
(-2.00125e-05 -6.2929e-05 5.0473)
(-2.25411e-05 -6.49351e-05 5.32268)
(-2.41826e-05 -6.448e-05 5.59094)
(-2.56553e-05 -6.27051e-05 5.85398)
(-2.6557e-05 -5.86907e-05 6.11164)
(-2.63899e-05 -5.1747e-05 6.36126)
(-2.46792e-05 -4.20908e-05 6.59667)
(-2.12899e-05 -3.10866e-05 6.80705)
(-1.67616e-05 -2.06691e-05 6.97713)
(-1.26409e-05 -1.27003e-05 7.09069)
(-9.8923e-06 -7.83851e-06 7.13473)
(-8.93243e-06 -6.18245e-06 7.09649)
(-9.51891e-06 -6.97412e-06 6.97018)
(-1.08578e-05 -8.60643e-06 6.77339)
(-1.25128e-05 -1.00515e-05 6.53332)
(-1.4276e-05 -1.0918e-05 6.26964)
(-1.57935e-05 -1.10108e-05 5.99297)
(-1.66618e-05 -1.0239e-05 5.70763)
(-1.7772e-05 -1.05767e-05 5.41362)
(-2.16319e-05 -1.66556e-05 5.10731)
(-2.10171e-05 -1.53816e-05 4.7808)
(8.38974e-06 3.72639e-05 4.4212)
(8.86528e-05 0.000181126 3.99589)
(-0.000345616 -0.000608078 3.16813)
(0.00020396 0.00054474 2.94337)
(-0.000124601 -0.000237514 3.7181)
(-7.12134e-05 -0.000104517 4.11729)
(-5.30827e-05 -5.88032e-05 4.45462)
(-5.47282e-05 -6.25532e-05 4.76053)
(-5.84065e-05 -7.27063e-05 5.04729)
(-5.87385e-05 -7.60688e-05 5.32267)
(-5.73051e-05 -7.62531e-05 5.59094)
(-5.44479e-05 -7.39623e-05 5.85398)
(-4.96191e-05 -6.79122e-05 6.11163)
(-4.2607e-05 -5.77135e-05 6.36126)
(-3.40603e-05 -4.47483e-05 6.59667)
(-2.53981e-05 -3.16019e-05 6.80705)
(-1.79403e-05 -2.0396e-05 6.97713)
(-1.26871e-05 -1.23726e-05 7.09069)
(-9.58402e-06 -7.67026e-06 7.13473)
(-8.37757e-06 -6.24888e-06 7.09649)
(-8.4707e-06 -7.40061e-06 6.97018)
(-9.01676e-06 -9.71178e-06 6.77339)
(-9.58238e-06 -1.25004e-05 6.53332)
(-1.01134e-05 -1.54766e-05 6.26964)
(-1.04402e-05 -1.79648e-05 5.99298)
(-1.02871e-05 -1.91977e-05 5.70764)
(-1.03974e-05 -2.09313e-05 5.41363)
(-1.28182e-05 -2.80751e-05 5.10732)
(-1.18902e-05 -2.69391e-05 4.78081)
(1.15895e-05 2.88516e-05 4.42121)
(7.50524e-05 0.000181374 3.9959)
(-0.00026912 -0.000649942 3.16813)
(0.000120384 0.000597908 2.94338)
(-0.000122296 -0.000207794 3.71812)
(-8.51079e-05 -6.57139e-05 4.11731)
(-7.21194e-05 -1.54315e-05 4.45463)
(-7.23534e-05 -1.73366e-05 4.76054)
(-7.31347e-05 -2.66885e-05 5.0473)
(-7.07575e-05 -3.00263e-05 5.32268)
(-6.65742e-05 -3.16156e-05 5.59095)
(-6.09945e-05 -3.2905e-05 5.85399)
(-5.36838e-05 -3.31434e-05 6.11164)
(-4.4554e-05 -3.16318e-05 6.36126)
(-3.43698e-05 -2.80547e-05 6.59667)
(-2.45858e-05 -2.25273e-05 6.80706)
(-1.69534e-05 -1.62213e-05 6.97713)
(-1.18303e-05 -1.05678e-05 7.09069)
(-8.90762e-06 -6.88466e-06 7.13473)
(-7.66704e-06 -5.88153e-06 7.09649)
(-7.31554e-06 -7.079e-06 6.97018)
(-6.89333e-06 -9.00226e-06 6.77338)
(-5.72907e-06 -1.08126e-05 6.53331)
(-3.75204e-06 -1.2285e-05 6.26963)
(-1.30429e-06 -1.3165e-05 5.99297)
(1.2251e-06 -1.31498e-05 5.70763)
(2.98877e-06 -1.42576e-05 5.41361)
(2.4491e-06 -2.15122e-05 5.10731)
(3.74499e-06 -2.05102e-05 4.7808)
(2.08072e-05 3.70924e-05 4.42119)
(6.62131e-05 0.000195043 3.99589)
(-0.000184709 -0.000671169 3.16812)
(7.34517e-05 0.000624139 2.94339)
(-7.31627e-05 -0.000199121 3.71813)
(-5.05415e-05 -5.14046e-05 4.11732)
(-4.25888e-05 1.89638e-06 4.45465)
(-4.26604e-05 1.52984e-06 4.76055)
(-4.31135e-05 -6.67197e-06 5.04731)
(-4.17627e-05 -9.08091e-06 5.32269)
(-3.95165e-05 -1.03484e-05 5.59095)
(-3.67285e-05 -1.22895e-05 5.85399)
(-3.32436e-05 -1.44231e-05 6.11165)
(-2.88608e-05 -1.61203e-05 6.36127)
(-2.36244e-05 -1.66905e-05 6.59668)
(-1.80485e-05 -1.54115e-05 6.80706)
(-1.32918e-05 -1.24154e-05 6.97713)
(-9.89463e-06 -8.73179e-06 7.09069)
(-7.90176e-06 -5.99941e-06 7.13473)
(-7.02563e-06 -5.36164e-06 7.09649)
(-6.72102e-06 -6.46288e-06 6.97018)
(-6.34003e-06 -7.72412e-06 6.77338)
(-5.48222e-06 -8.18611e-06 6.53331)
(-4.22557e-06 -7.78595e-06 6.26963)
(-2.82828e-06 -6.68841e-06 5.99296)
(-1.44695e-06 -4.98602e-06 5.70762)
(-5.13254e-07 -4.94957e-06 5.4136)
(-9.19817e-07 -1.1754e-05 5.1073)
(-1.49082e-07 -1.05532e-05 4.78079)
(1.02329e-05 4.83145e-05 4.42118)
(3.78404e-05 0.000209694 3.99588)
(-0.000113657 -0.000680974 3.16811)
(2.39335e-05 0.000629079 2.94339)
(-2.5418e-05 -0.000205354 3.71813)
(-1.80074e-05 -5.58517e-05 4.11732)
(-1.55159e-05 -1.79739e-06 4.45465)
(-1.57246e-05 -1.93503e-06 4.76055)
(-1.60754e-05 -9.83818e-06 5.04731)
(-1.58434e-05 -1.1684e-05 5.32269)
(-1.53527e-05 -1.21516e-05 5.59095)
(-1.47586e-05 -1.30509e-05 5.85399)
(-1.40456e-05 -1.39453e-05 6.11165)
(-1.31284e-05 -1.44564e-05 6.36127)
(-1.17956e-05 -1.42954e-05 6.59668)
(-1.02864e-05 -1.31554e-05 6.80706)
(-8.74734e-06 -1.07992e-05 6.97713)
(-7.52709e-06 -7.79635e-06 7.09069)
(-6.74053e-06 -5.47738e-06 7.13473)
(-6.42753e-06 -5.05849e-06 7.09649)
(-6.4565e-06 -6.17533e-06 6.97018)
(-6.63901e-06 -7.24695e-06 6.77338)
(-6.82475e-06 -7.40352e-06 6.53331)
(-7.00343e-06 -6.77866e-06 6.26963)
(-7.16038e-06 -5.62651e-06 5.99296)
(-7.2228e-06 -3.96316e-06 5.70762)
(-7.2569e-06 -3.9961e-06 5.41361)
(-7.53875e-06 -1.09344e-05 5.1073)
(-7.22856e-06 -9.74707e-06 4.78079)
(-3.50311e-06 4.98466e-05 4.42118)
(6.2163e-06 0.000213249 3.99588)
(-4.34021e-05 -0.000689061 3.16811)
(-3.44779e-05 0.000628486 2.94339)
(1.24438e-05 -0.000206082 3.71813)
(3.98508e-06 -5.6635e-05 4.11732)
(8.19871e-07 -2.61148e-06 4.45465)
(6.45351e-07 -2.75911e-06 4.76055)
(8.71683e-07 -1.06512e-05 5.04731)
(7.40846e-07 -1.24642e-05 5.32269)
(5.22111e-07 -1.28783e-05 5.59095)
(2.86457e-07 -1.37063e-05 5.85399)
(-8.1775e-08 -1.45154e-05 6.11165)
(-7.45909e-07 -1.4923e-05 6.36127)
(-1.74392e-06 -1.46228e-05 6.59668)
(-3.09592e-06 -1.33275e-05 6.80706)
(-4.33423e-06 -1.08301e-05 6.97713)
(-5.17064e-06 -7.75373e-06 7.09069)
(-5.598e-06 -5.42564e-06 7.13473)
(-5.86527e-06 -5.08618e-06 7.09649)
(-6.26147e-06 -6.35265e-06 6.97018)
(-7.01819e-06 -7.63669e-06 6.77338)
(-8.08921e-06 -8.052e-06 6.53331)
(-9.22745e-06 -7.70117e-06 6.26963)
(-1.02056e-05 -6.79631e-06 5.99296)
(-1.09324e-05 -5.32129e-06 5.70762)
(-1.12747e-05 -5.47206e-06 5.41361)
(-1.09561e-05 -1.24616e-05 5.1073)
(-1.08331e-05 -1.1269e-05 4.78079)
(-1.37229e-05 4.83793e-05 4.42118)
(-2.21192e-05 0.000211891 3.99588)
(3.0344e-05 -0.000690164 3.16811)
(-8.5454e-05 0.0006221 2.94339)
(5.8431e-05 -0.00020162 3.71813)
(3.46511e-05 -5.40888e-05 4.11732)
(2.59728e-05 -8.88119e-07 4.45465)
(2.56536e-05 -1.28364e-06 4.76055)
(2.60085e-05 -9.44274e-06 5.04731)
(2.48081e-05 -1.17353e-05 5.32269)
(2.28944e-05 -1.28135e-05 5.59095)
(2.05306e-05 -1.44958e-05 5.85399)
(1.74696e-05 -1.63053e-05 6.11165)
(1.34582e-05 -1.76092e-05 6.36127)
(8.6374e-06 -1.76285e-05 6.59668)
(3.59059e-06 -1.5868e-05 6.80706)
(-5.48855e-07 -1.24333e-05 6.97713)
(-3.22911e-06 -8.54502e-06 7.09069)
(-4.64314e-06 -5.79642e-06 7.13473)
(-5.29416e-06 -5.3994e-06 7.09648)
(-5.86044e-06 -6.93183e-06 6.97018)
(-6.9792e-06 -8.7765e-06 6.77338)
(-8.81519e-06 -9.91506e-06 6.53331)
(-1.10324e-05 -1.02022e-05 6.26963)
(-1.31883e-05 -9.70506e-06 5.99296)
(-1.5031e-05 -8.43968e-06 5.70762)
(-1.60979e-05 -8.65591e-06 5.41361)
(-1.55028e-05 -1.55495e-05 5.1073)
(-1.57748e-05 -1.43058e-05 4.78079)
(-2.53376e-05 4.47176e-05 4.42118)
(-5.17269e-05 0.000206377 3.99588)
(0.000102286 -0.000683668 3.16811)
(-0.000135449 0.000593586 2.94338)
(0.000103872 -0.000213073 3.71812)
(6.5289e-05 -7.13569e-05 4.11731)
(5.14581e-05 -2.12432e-05 4.45463)
(5.12719e-05 -2.31501e-05 4.76054)
(5.19896e-05 -3.2335e-05 5.0473)
(4.9835e-05 -3.53336e-05 5.32268)
(4.60695e-05 -3.6419e-05 5.59094)
(4.10032e-05 -3.70585e-05 5.85398)
(3.42415e-05 -3.65194e-05 6.11164)
(2.57231e-05 -3.41069e-05 6.36126)
(1.63204e-05 -2.95094e-05 6.59667)
(7.83031e-06 -2.29665e-05 6.80705)
(1.57314e-06 -1.5943e-05 6.97713)
(-2.1597e-06 -9.99175e-06 7.09069)
(-4.03301e-06 -6.38374e-06 7.13473)
(-4.71155e-06 -5.80871e-06 7.09649)
(-5.04702e-06 -7.68014e-06 6.97018)
(-5.93281e-06 -1.04348e-05 6.77338)
(-7.77921e-06 -1.30874e-05 6.53331)
(-1.04075e-05 -1.52748e-05 6.26963)
(-1.33333e-05 -1.66788e-05 5.99297)
(-1.61139e-05 -1.69987e-05 5.70763)
(-1.78698e-05 -1.82759e-05 5.41362)
(-1.70638e-05 -2.5562e-05 5.10731)
(-1.78419e-05 -2.44775e-05 4.7808)
(-3.41233e-05 3.33104e-05 4.4212)
(-7.84133e-05 0.000191563 3.99589)
(0.000174742 -0.000674027 3.16812)
(-0.000228501 0.000534595 2.94337)
(9.48026e-05 -0.000249808 3.7181)
(3.93529e-05 -0.000117584 4.11729)
(2.01201e-05 -7.218e-05 4.45462)
(2.14064e-05 -7.58389e-05 4.76052)
(2.53482e-05 -8.54984e-05 5.04729)
(2.64436e-05 -8.79477e-05 5.32267)
(2.61374e-05 -8.67832e-05 5.59093)
(2.46609e-05 -8.27005e-05 5.85398)
(2.14521e-05 -7.4447e-05 6.11163)
(1.64237e-05 -6.1784e-05 6.36125)
(1.03585e-05 -4.6436e-05 6.59667)
(4.65785e-06 -3.13561e-05 6.80705)
(2.37209e-07 -1.92676e-05 6.97713)
(-2.54033e-06 -1.10455e-05 7.09069)
(-3.89188e-06 -6.63408e-06 7.13473)
(-4.08496e-06 -5.91099e-06 7.09649)
(-3.63957e-06 -7.99645e-06 6.97018)
(-3.28606e-06 -1.13962e-05 6.77339)
(-3.20399e-06 -1.52373e-05 6.53332)
(-3.25261e-06 -1.90792e-05 6.26964)
(-3.43674e-06 -2.2187e-05 5.99298)
(-3.90584e-06 -2.38002e-05 5.70764)
(-3.8612e-06 -2.57167e-05 5.41363)
(-1.24626e-06 -3.28876e-05 5.10732)
(-1.72375e-06 -3.16504e-05 4.78081)
(-2.44846e-05 2.43592e-05 4.42121)
(-8.68906e-05 0.000177234 3.9959)
(0.000259439 -0.000653376 3.16814)
(-0.000340455 0.00050529 2.94338)
(5.70936e-05 -0.000236454 3.71812)
(-1.72403e-05 -0.000109858 4.11731)
(-4.3652e-05 -6.51384e-05 4.45463)
(-4.24189e-05 -6.65272e-05 4.76054)
(-3.62415e-05 -7.33977e-05 5.0473)
(-3.20476e-05 -7.35627e-05 5.32268)
(-2.78074e-05 -7.09247e-05 5.59094)
(-2.28102e-05 -6.67218e-05 5.85398)
(-1.73696e-05 -6.01595e-05 6.11164)
(-1.19451e-05 -5.08198e-05 6.36126)
(-7.35651e-06 -3.93843e-05 6.59667)
(-4.52631e-06 -2.75163e-05 6.80705)
(-3.72355e-06 -1.73643e-05 6.97713)
(-3.99623e-06 -1.00513e-05 7.09069)
(-4.16767e-06 -5.98201e-06 7.13473)
(-3.59033e-06 -5.4072e-06 7.09648)
(-2.2623e-06 -7.42364e-06 6.97018)
(-8.00267e-07 -1.04302e-05 6.77338)
(5.90123e-07 -1.32125e-05 6.53331)
(1.90533e-06 -1.52035e-05 6.26963)
(2.94841e-06 -1.61489e-05 5.99297)
(3.48247e-06 -1.59424e-05 5.70763)
(4.47812e-06 -1.65882e-05 5.41362)
(8.46748e-06 -2.27615e-05 5.10731)
(8.23039e-06 -2.14023e-05 4.7808)
(-2.05361e-05 3.14934e-05 4.4212)
(-9.98295e-05 0.00017579 3.9959)
(0.000336458 -0.000612523 3.16813)
(-0.000399641 0.000494909 2.9434)
(7.63018e-05 -0.00018991 3.71814)
(-1.3152e-05 -6.89239e-05 4.11733)
(-4.58425e-05 -2.50318e-05 4.45465)
(-4.59848e-05 -2.46916e-05 4.76055)
(-4.06112e-05 -3.01082e-05 5.04731)
(-3.78032e-05 -3.01548e-05 5.32269)
(-3.48528e-05 -2.88514e-05 5.59095)
(-3.06523e-05 -2.78745e-05 5.85399)
(-2.53959e-05 -2.6915e-05 6.11165)
(-1.93645e-05 -2.53105e-05 6.36127)
(-1.33454e-05 -2.23787e-05 6.59668)
(-8.60705e-06 -1.78545e-05 6.80706)
(-5.98646e-06 -1.24722e-05 6.97713)
(-5.0299e-06 -7.62265e-06 7.09069)
(-4.44654e-06 -4.6477e-06 7.13473)
(-3.23379e-06 -4.45665e-06 7.09648)
(-1.22188e-06 -6.4331e-06 6.97017)
(9.26703e-07 -9.13264e-06 6.77338)
(2.84977e-06 -1.1457e-05 6.53331)
(4.43677e-06 -1.30211e-05 6.26963)
(5.48225e-06 -1.36717e-05 5.99297)
(5.77929e-06 -1.32881e-05 5.70762)
(6.59844e-06 -1.37173e-05 5.41361)
(1.10438e-05 -1.93447e-05 5.10731)
(1.05042e-05 -1.80249e-05 4.7808)
(-2.40975e-05 3.12393e-05 4.42119)
(-0.000119085 0.000165578 3.99589)
(0.000402749 -0.000569335 3.16812)
(-0.000435454 0.000462623 2.9434)
(0.000117533 -0.00016144 3.71814)
(1.62358e-05 -5.01163e-05 4.11733)
(-2.07937e-05 -9.73445e-06 4.45465)
(-2.12533e-05 -9.52833e-06 4.76055)
(-1.62013e-05 -1.48758e-05 5.04731)
(-1.49227e-05 -1.55299e-05 5.32269)
(-1.43516e-05 -1.5082e-05 5.59095)
(-1.33017e-05 -1.49796e-05 5.85399)
(-1.1998e-05 -1.4935e-05 6.11165)
(-1.05154e-05 -1.45745e-05 6.36127)
(-8.80383e-06 -1.35226e-05 6.59668)
(-7.07956e-06 -1.14111e-05 6.80706)
(-5.83236e-06 -8.31543e-06 6.97713)
(-5.19454e-06 -5.13447e-06 7.09069)
(-4.47912e-06 -3.11977e-06 7.13473)
(-2.87416e-06 -3.26056e-06 7.09648)
(-3.83813e-07 -5.16708e-06 6.97017)
(2.10928e-06 -7.53403e-06 6.77337)
(4.0217e-06 -9.32134e-06 6.5333)
(5.25877e-06 -1.01943e-05 6.26962)
(5.81013e-06 -1.01629e-05 5.99296)
(5.63297e-06 -9.30351e-06 5.70762)
(6.24105e-06 -9.39198e-06 5.41361)
(1.11834e-05 -1.44194e-05 5.1073)
(1.04993e-05 -1.32345e-05 4.78079)
(-2.93229e-05 3.16779e-05 4.42119)
(-0.000138594 0.000154258 3.99588)
(0.000462592 -0.000518275 3.16812)
(0.000415999 -0.000451476 2.94339)
(-0.00014206 0.000175799 3.71813)
(-4.32694e-05 6.61759e-05 4.11732)
(-8.19829e-06 2.72265e-05 4.45464)
(-9.36927e-06 2.83199e-05 4.76055)
(-1.57972e-05 3.48414e-05 5.04731)
(-1.82166e-05 3.64647e-05 5.32269)
(-1.96714e-05 3.66126e-05 5.59095)
(-2.12598e-05 3.64757e-05 5.85399)
(-2.25289e-05 3.54739e-05 6.11165)
(-2.2956e-05 3.30582e-05 6.36127)
(-2.20632e-05 2.9034e-05 6.59668)
(-1.95287e-05 2.36456e-05 6.80706)
(-1.55286e-05 1.75523e-05 6.97713)
(-1.14025e-05 1.2154e-05 7.0907)
(-8.42359e-06 8.50756e-06 7.13474)
(-7.35703e-06 7.17095e-06 7.0965)
(-7.97323e-06 7.68947e-06 6.9702)
(-9.11887e-06 8.63443e-06 6.7734)
(-1.00699e-05 9.05851e-06 6.53333)
(-1.06507e-05 8.76696e-06 6.26965)
(-1.07701e-05 7.84785e-06 5.99299)
(-1.03056e-05 6.38251e-06 5.70764)
(-1.07015e-05 6.10834e-06 5.41363)
(-1.54528e-05 1.09687e-05 5.10732)
(-1.45629e-05 9.76867e-06 4.78081)
(2.5505e-05 -3.50343e-05 4.4212)
(0.000135092 -0.000157379 3.9959)
(-0.000465384 0.000515686 3.16813)
(0.000361018 -0.000483189 2.94338)
(-0.000124152 0.000205637 3.71812)
(-3.87918e-05 8.70349e-05 4.11731)
(-8.85679e-06 4.5387e-05 4.45463)
(-1.04914e-05 4.72888e-05 4.76054)
(-1.67436e-05 5.48673e-05 5.0473)
(-1.94787e-05 5.67442e-05 5.32268)
(-2.12042e-05 5.65004e-05 5.59095)
(-2.27122e-05 5.52001e-05 5.85399)
(-2.34974e-05 5.19819e-05 6.11164)
(-2.31589e-05 4.62454e-05 6.36126)
(-2.15487e-05 3.82453e-05 6.59667)
(-1.86645e-05 2.91149e-05 6.80706)
(-1.4701e-05 2.03035e-05 6.97713)
(-1.07815e-05 1.33857e-05 7.0907)
(-7.96059e-06 9.0855e-06 7.13474)
(-6.89192e-06 7.61976e-06 7.0965)
(-7.40699e-06 8.31917e-06 6.9702)
(-8.60147e-06 9.63052e-06 6.77341)
(-9.95055e-06 1.05933e-05 6.53334)
(-1.12252e-05 1.09876e-05 6.26966)
(-1.21141e-05 1.07432e-05 5.99299)
(-1.23185e-05 9.74454e-06 5.70765)
(-1.30352e-05 9.81093e-06 5.41364)
(-1.73261e-05 1.52804e-05 5.10733)
(-1.65558e-05 1.39643e-05 4.78082)
(1.83723e-05 -3.51608e-05 4.42121)
(0.000113818 -0.00016922 3.9959)
(-0.000406997 0.000566325 3.16814)
(0.000299802 -0.000515693 2.94338)
(-0.00010646 0.000224522 3.71811)
(-3.54935e-05 9.77403e-05 4.1173)
(-1.08032e-05 5.3427e-05 4.45463)
(-1.24732e-05 5.57601e-05 4.76053)
(-1.79693e-05 6.40637e-05 5.04729)
(-2.0489e-05 6.60777e-05 5.32268)
(-2.21512e-05 6.56136e-05 5.59094)
(-2.36637e-05 6.38166e-05 5.85398)
(-2.46032e-05 5.97764e-05 6.11164)
(-2.44519e-05 5.28152e-05 6.36126)
(-2.27228e-05 4.31639e-05 6.59667)
(-1.92737e-05 3.22079e-05 6.80705)
(-1.46727e-05 2.18801e-05 6.97713)
(-1.04208e-05 1.40586e-05 7.0907)
(-7.49595e-06 9.37824e-06 7.13474)
(-6.31324e-06 7.88883e-06 7.0965)
(-6.5753e-06 8.81734e-06 6.9702)
(-7.49114e-06 1.05613e-05 6.77341)
(-8.68002e-06 1.20914e-05 6.53334)
(-9.99783e-06 1.30155e-05 6.26966)
(-1.11396e-05 1.31475e-05 5.993)
(-1.17497e-05 1.23931e-05 5.70765)
(-1.27335e-05 1.2725e-05 5.41364)
(-1.65927e-05 1.87718e-05 5.10733)
(-1.60937e-05 1.74338e-05 4.78082)
(1.30794e-05 -3.5316e-05 4.42122)
(9.29655e-05 -0.000179336 3.99591)
(-0.000342021 0.000609601 3.16814)
(0.000205665 -0.000544032 2.94337)
(-0.000122486 0.000238393 3.7181)
(-6.89111e-05 0.000105474 4.11729)
(-5.06503e-05 5.98169e-05 4.45462)
(-5.22103e-05 6.36052e-05 4.76053)
(-5.58461e-05 7.37799e-05 5.04729)
(-5.61769e-05 7.71482e-05 5.32267)
(-5.47778e-05 7.73241e-05 5.59094)
(-5.19755e-05 7.50166e-05 5.85398)
(-4.71998e-05 6.89505e-05 6.11163)
(-4.02206e-05 5.87462e-05 6.36126)
(-3.16683e-05 4.57958e-05 6.59667)
(-2.29538e-05 3.26998e-05 6.80705)
(-1.54474e-05 2.1582e-05 6.97713)
(-1.01003e-05 1.37021e-05 7.0907)
(-6.87998e-06 9.16776e-06 7.13474)
(-5.51569e-06 7.87198e-06 7.0965)
(-5.34809e-06 9.0784e-06 6.9702)
(-5.53931e-06 1.13919e-05 6.77341)
(-5.72908e-06 1.41487e-05 6.53334)
(-5.92356e-06 1.70799e-05 6.26967)
(-5.99343e-06 1.95195e-05 5.993)
(-5.68671e-06 2.07018e-05 5.70766)
(-5.74967e-06 2.23834e-05 5.41365)
(-8.22182e-06 2.94712e-05 5.10734)
(-7.43695e-06 2.82693e-05 4.78083)
(1.58046e-05 -2.7605e-05 4.42123)
(7.89099e-05 -0.000180239 3.99592)
(-0.000265914 0.000650909 3.16815)
(0.000122536 -0.000597291 2.94338)
(-0.000119632 0.000208558 3.71812)
(-8.22156e-05 6.65456e-05 4.11731)
(-6.90716e-05 1.63106e-05 4.45463)
(-6.92075e-05 1.82479e-05 4.76054)
(-6.99441e-05 2.76188e-05 5.0473)
(-6.7572e-05 3.09637e-05 5.32268)
(-6.34346e-05 3.25506e-05 5.59094)
(-5.79244e-05 3.38327e-05 5.85398)
(-5.06831e-05 3.40662e-05 6.11164)
(-4.15966e-05 3.25639e-05 6.36126)
(-3.14102e-05 2.90227e-05 6.59667)
(-2.16304e-05 2.35637e-05 6.80705)
(-1.39461e-05 1.73958e-05 6.97713)
(-8.7995e-06 1.19122e-05 7.0907)
(-5.85667e-06 8.39454e-06 7.13474)
(-4.55716e-06 7.47618e-06 7.0965)
(-4.03853e-06 8.65646e-06 6.9702)
(-3.34323e-06 1.05004e-05 6.77341)
(-1.88151e-06 1.2217e-05 6.53334)
(3.37026e-07 1.36084e-05 6.26966)
(2.93536e-06 1.44271e-05 5.993)
(5.52376e-06 1.43689e-05 5.70765)
(7.26607e-06 1.54429e-05 5.41364)
(6.63194e-06 2.26609e-05 5.10733)
(7.7644e-06 2.16112e-05 4.78082)
(2.45889e-05 -3.6057e-05 4.42121)
(6.96593e-05 -0.0001941 3.99591)
(-0.000181849 0.000671958 3.16814)
(7.6252e-05 -0.000623664 2.94339)
(-6.97088e-05 0.000199708 3.71813)
(-4.68016e-05 5.20433e-05 4.11732)
(-3.86613e-05 -1.22096e-06 4.45465)
(-3.86224e-05 -8.28121e-07 4.76055)
(-3.90352e-05 7.3919e-06 5.04731)
(-3.77075e-05 9.81314e-06 5.32269)
(-3.55336e-05 1.10897e-05 5.59095)
(-3.28429e-05 1.30408e-05 5.85399)
(-2.94499e-05 1.51919e-05 6.11165)
(-2.51288e-05 1.69225e-05 6.36126)
(-1.9929e-05 1.75676e-05 6.59668)
(-1.43874e-05 1.63984e-05 6.80706)
(-9.65188e-06 1.35961e-05 6.97713)
(-6.33367e-06 1.01305e-05 7.0907)
(-4.44779e-06 7.57941e-06 7.13474)
(-3.63689e-06 6.99241e-06 7.0965)
(-3.26811e-06 8.01001e-06 6.9702)
(-2.67048e-06 9.12623e-06 6.77341)
(-1.5081e-06 9.48368e-06 6.53334)
(5.7809e-08 9.0755e-06 6.26966)
(1.70998e-06 8.04179e-06 5.99299)
(3.26148e-06 6.4166e-06 5.70764)
(4.26918e-06 6.43021e-06 5.41363)
(3.83978e-06 1.32446e-05 5.10732)
(4.49153e-06 1.20145e-05 4.78081)
(1.46519e-05 -4.69206e-05 4.4212)
(4.19097e-05 -0.000208414 3.9959)
(-0.000110267 0.000682018 3.16813)
(2.76738e-05 -0.000628866 2.94339)
(-2.0821e-05 0.000205617 3.71813)
(-1.30443e-05 5.61409e-05 4.11732)
(-1.03216e-05 2.10813e-06 4.45464)
(-1.04045e-05 2.26621e-06 4.76055)
(-1.07232e-05 1.01916e-05 5.04731)
(-1.05402e-05 1.20643e-05 5.32269)
(-1.01582e-05 1.25663e-05 5.59095)
(-9.70048e-06 1.35102e-05 5.85399)
(-9.11499e-06 1.44653e-05 6.11165)
(-8.29114e-06 1.50668e-05 6.36126)
(-7.0848e-06 1.50353e-05 6.59668)
(-5.64549e-06 1.41053e-05 6.80706)
(-4.25997e-06 1.20314e-05 6.97713)
(-3.2771e-06 9.30576e-06 7.0907)
(-2.80279e-06 7.20835e-06 7.13474)
(-2.73662e-06 6.79897e-06 7.0965)
(-2.85291e-06 7.73665e-06 6.9702)
(-2.90568e-06 8.51647e-06 6.77341)
(-2.78071e-06 8.372e-06 6.53333)
(-2.54825e-06 7.50883e-06 6.26966)
(-2.29188e-06 6.19772e-06 5.99299)
(-2.01953e-06 4.44067e-06 5.70764)
(-1.84095e-06 4.42204e-06 5.41363)
(-2.04513e-06 1.13304e-05 5.10732)
(-1.79343e-06 1.01207e-05 4.78081)
(1.73156e-06 -4.94961e-05 4.4212)
(1.1081e-05 -0.000212928 3.9959)
(-3.93425e-05 0.00068933 3.16813)
(-2.93151e-05 -0.000628774 2.94339)
(1.87666e-05 0.000205733 3.71813)
(1.07913e-05 5.62678e-05 4.11732)
(7.91849e-06 2.2434e-06 4.45464)
(7.88823e-06 2.40781e-06 4.76055)
(8.13037e-06 1.03374e-05 5.04731)
(7.90906e-06 1.22123e-05 5.32269)
(7.52671e-06 1.27144e-05 5.59095)
(7.09809e-06 1.3657e-05 5.85399)
(6.54955e-06 1.46111e-05 6.11164)
(5.73646e-06 1.52137e-05 6.36126)
(4.51776e-06 1.51827e-05 6.59668)
(2.94865e-06 1.42606e-05 6.80706)
(1.31766e-06 1.22e-05 6.97713)
(-4.70437e-08 9.49392e-06 7.0907)
(-1.07763e-06 7.42481e-06 7.13474)
(-1.85457e-06 7.05112e-06 7.0965)
(-2.57044e-06 8.03498e-06 6.9702)
(-3.39532e-06 8.86712e-06 6.7734)
(-4.32799e-06 8.771e-06 6.53333)
(-5.21348e-06 7.94688e-06 6.26965)
(-5.91917e-06 6.66238e-06 5.99299)
(-6.42177e-06 4.91831e-06 5.70764)
(-6.62516e-06 4.90031e-06 5.41363)
(-6.26741e-06 1.17991e-05 5.10732)
(-6.21075e-06 1.05714e-05 4.78081)
(-9.28097e-06 -4.90715e-05 4.4212)
(-1.79973e-05 -0.00021254 3.9959)
(3.37844e-05 0.000689642 3.16813)
(-7.79039e-05 -0.000623384 2.94339)
(6.7642e-05 0.000200061 3.71813)
(4.45351e-05 5.24298e-05 4.11732)
(3.6244e-05 -8.09039e-07 4.45464)
(3.60919e-05 -3.97082e-07 4.76055)
(3.64284e-05 7.83579e-06 5.04731)
(3.50631e-05 1.02633e-05 5.32269)
(3.289e-05 1.154e-05 5.59095)
(3.02304e-05 1.34868e-05 5.85399)
(2.68784e-05 1.56335e-05 6.11164)
(2.2575e-05 1.73657e-05 6.36126)
(1.73326e-05 1.80221e-05 6.59668)
(1.16926e-05 1.68713e-05 6.80706)
(6.70927e-06 1.41094e-05 6.97713)
(3.01523e-06 1.0698e-05 7.0907)
(5.80394e-07 8.2306e-06 7.13474)
(-9.28855e-07 7.74748e-06 7.0965)
(-2.11581e-06 8.9026e-06 6.9702)
(-3.57521e-06 1.01756e-05 6.7734)
(-5.53221e-06 1.06774e-05 6.53333)
(-7.74274e-06 1.03849e-05 6.26965)
(-9.84051e-06 9.43063e-06 5.99299)
(-1.16232e-05 7.84555e-06 5.70764)
(-1.26599e-05 7.86258e-06 5.41363)
(-1.20827e-05 1.46498e-05 5.10732)
(-1.24324e-05 1.33666e-05 4.78081)
(-2.21444e-05 -4.5646e-05 4.4212)
(-4.87758e-05 -0.000207247 3.99589)
(0.000104749 0.000682958 3.16813)
(-0.000124218 -0.000596814 2.94338)
(0.000117531 0.000209166 3.71812)
(7.99126e-05 6.7211e-05 4.11731)
(6.66173e-05 1.7019e-05 4.45463)
(6.6641e-05 1.89883e-05 4.76054)
(6.73043e-05 2.838e-05 5.0473)
(6.48995e-05 3.17339e-05 5.32268)
(6.0769e-05 3.33189e-05 5.59094)
(5.52947e-05 3.45916e-05 5.85398)
(4.80975e-05 3.48158e-05 6.11164)
(3.90344e-05 3.33128e-05 6.36126)
(2.88085e-05 2.97899e-05 6.59667)
(1.89331e-05 2.43605e-05 6.80705)
(1.10038e-05 1.82585e-05 6.97713)
(5.48998e-06 1.28617e-05 7.09069)
(2.01525e-06 9.47787e-06 7.13474)
(4.24462e-08 8.73082e-06 7.0965)
(-1.26615e-06 1.01374e-05 6.9702)
(-2.79142e-06 1.22362e-05 6.77341)
(-5.0166e-06 1.41918e-05 6.53334)
(-7.84977e-06 1.57761e-05 6.26966)
(-1.0873e-05 1.67252e-05 5.99299)
(-1.36948e-05 1.67351e-05 5.70765)
(-1.54772e-05 1.78182e-05 5.41364)
(-1.47092e-05 2.49948e-05 5.10733)
(-1.5554e-05 2.38596e-05 4.78082)
(-3.19448e-05 -3.39356e-05 4.42121)
(-7.64044e-05 -0.000192157 3.99591)
(0.000176425 0.00067353 3.16814)
(-0.000207384 -0.000543339 2.94337)
(0.000120346 0.000239282 3.7181)
(6.65662e-05 0.000106447 4.11729)
(4.81522e-05 6.0852e-05 4.45462)
(4.95992e-05 6.46864e-05 4.76052)
(5.31615e-05 7.48911e-05 5.04729)
(5.34604e-05 7.8272e-05 5.32267)
(5.20713e-05 7.84438e-05 5.59093)
(4.93117e-05 7.61197e-05 5.85398)
(4.45862e-05 7.00365e-05 6.11163)
(3.76336e-05 5.9828e-05 6.36125)
(2.90522e-05 4.68966e-05 6.59667)
(2.02145e-05 3.38561e-05 6.80705)
(1.25034e-05 2.28115e-05 6.97713)
(6.79638e-06 1.50496e-05 7.09069)
(3.06875e-06 1.06859e-05 7.13473)
(1.07689e-06 9.61966e-06 7.0965)
(1.76168e-07 1.11295e-05 6.9702)
(-4.08506e-07 1.37882e-05 6.77341)
(-9.33081e-07 1.68726e-05 6.53334)
(-1.32861e-06 2.00744e-05 6.26966)
(-1.6862e-06 2.27051e-05 5.993)
(-2.22824e-06 2.39886e-05 5.70766)
(-2.21176e-06 2.56886e-05 5.41365)
(3.83208e-07 3.27235e-05 5.10734)
(-1.2878e-07 3.14065e-05 4.78083)
(-2.29541e-05 -2.46425e-05 4.42122)
(-8.54697e-05 -0.000177522 3.99592)
(0.000260641 0.000653112 3.16815)
(-0.000301573 -0.00051475 2.94337)
(0.000104269 0.000225738 3.71811)
(3.30941e-05 9.90676e-05 4.1173)
(8.24963e-06 5.48372e-05 4.45463)
(9.80752e-06 5.72306e-05 4.76053)
(1.52329e-05 6.5572e-05 5.04729)
(1.77247e-05 6.75997e-05 5.32268)
(1.94011e-05 6.71265e-05 5.59094)
(2.09595e-05 6.53042e-05 5.85398)
(2.19516e-05 6.12373e-05 6.11164)
(2.18316e-05 5.42642e-05 6.36126)
(2.008e-05 4.46307e-05 6.59667)
(1.65161e-05 3.37378e-05 6.80705)
(1.17193e-05 2.3497e-05 6.97713)
(7.1235e-06 1.58161e-05 7.09069)
(3.71886e-06 1.13332e-05 7.13473)
(1.96115e-06 1.01178e-05 7.09649)
(1.56111e-06 1.14145e-05 6.97019)
(1.7736e-06 1.35915e-05 6.7734)
(2.30552e-06 1.55378e-05 6.53333)
(3.08246e-06 1.68001e-05 6.26966)
(3.82301e-06 1.71779e-05 5.99299)
(4.20819e-06 1.65592e-05 5.70765)
(5.14371e-06 1.69217e-05 5.41364)
(9.11499e-06 2.29073e-05 5.10733)
(8.87146e-06 2.14272e-05 4.78082)
(-1.99088e-05 -3.15419e-05 4.42121)
(-9.92352e-05 -0.000175874 3.99591)
(0.000336987 0.000612417 3.16814)
(-0.000362872 -0.00048193 2.94338)
(0.000121876 0.000207259 3.71812)
(3.63011e-05 8.88027e-05 4.11731)
(6.20977e-06 4.72621e-05 4.45463)
(7.73349e-06 4.92404e-05 4.76054)
(1.39191e-05 5.68644e-05 5.0473)
(1.66324e-05 5.87549e-05 5.32268)
(1.83792e-05 5.8495e-05 5.59094)
(1.99404e-05 5.71583e-05 5.85398)
(2.07863e-05 5.3902e-05 6.11164)
(2.04885e-05 4.81444e-05 6.36126)
(1.8864e-05 4.01575e-05 6.59667)
(1.58727e-05 3.10906e-05 6.80705)
(1.17185e-05 2.23612e-05 6.97713)
(7.47023e-06 1.55853e-05 7.09069)
(4.2056e-06 1.14875e-05 7.13473)
(2.62991e-06 1.03131e-05 7.09649)
(2.57283e-06 1.14258e-05 6.97019)
(3.16119e-06 1.3242e-05 6.7734)
(3.93343e-06 1.4705e-05 6.53333)
(4.72215e-06 1.55143e-05 6.26965)
(5.2527e-06 1.55677e-05 5.99298)
(5.24921e-06 1.47416e-05 5.70764)
(5.91706e-06 1.48547e-05 5.41363)
(1.03075e-05 2.02586e-05 5.10732)
(9.77106e-06 1.87773e-05 4.78081)
(-2.47934e-05 -3.0608e-05 4.42121)
(-0.000119717 -0.000165041 3.9959)
(0.00040227 0.000569732 3.16813)
(-0.000417911 -0.000449852 2.94339)
(0.000139738 0.000177883 3.71813)
(4.07318e-05 6.84447e-05 4.11731)
(5.50595e-06 2.96273e-05 4.45464)
(6.56998e-06 3.08114e-05 4.76055)
(1.29363e-05 3.73827e-05 5.0473)
(1.53383e-05 3.90145e-05 5.32269)
(1.68158e-05 3.91339e-05 5.59095)
(1.84536e-05 3.89454e-05 5.85399)
(1.97744e-05 3.78921e-05 6.11164)
(2.02311e-05 3.54479e-05 6.36126)
(1.93153e-05 3.14395e-05 6.59668)
(1.66658e-05 2.61108e-05 6.80706)
(1.24826e-05 2.00989e-05 6.97713)
(8.04712e-06 1.48284e-05 7.09069)
(4.66918e-06 1.13659e-05 7.13473)
(3.17647e-06 1.03099e-05 7.09649)
(3.33216e-06 1.12612e-05 6.97018)
(3.99568e-06 1.27621e-05 6.77339)
(4.47767e-06 1.37577e-05 6.53332)
(4.64854e-06 1.39559e-05 6.26964)
(4.46037e-06 1.33911e-05 5.99297)
(3.81667e-06 1.21316e-05 5.70763)
(4.16763e-06 1.19225e-05 5.41362)
(9.00549e-06 1.67185e-05 5.10731)
(8.32431e-06 1.53372e-05 4.7808)
(-3.14155e-05 -2.97594e-05 4.42119)
(-0.000140528 -0.000152532 3.99589)
(0.000461041 0.000519645 3.16812)
(-0.000480078 0.000415972 2.94339)
(0.000140248 -0.000141182 3.71814)
(2.74372e-05 -4.14704e-05 4.11733)
(-1.37834e-05 -5.22474e-06 4.45465)
(-1.43491e-05 -4.91907e-06 4.76055)
(-8.99297e-06 -9.58249e-06 5.04731)
(-8.07979e-06 -1.00272e-05 5.32269)
(-8.13535e-06 -9.44664e-06 5.59095)
(-7.78129e-06 -9.15373e-06 5.85399)
(-7.25262e-06 -8.96259e-06 6.11165)
(-6.68817e-06 -8.66438e-06 6.36127)
(-6.07558e-06 -8.06192e-06 6.59668)
(-5.49452e-06 -6.86197e-06 6.80706)
(-5.13702e-06 -4.95337e-06 6.97713)
(-4.94639e-06 -2.84852e-06 7.09069)
(-4.30824e-06 -1.56608e-06 7.13473)
(-2.47082e-06 -1.96613e-06 7.09648)
(3.81015e-07 -3.86159e-06 6.97017)
(3.13391e-06 -6.21721e-06 6.77337)
(4.94689e-06 -8.25336e-06 6.5333)
(5.65903e-06 -9.6876e-06 6.26962)
(5.421e-06 -1.04002e-05 5.99295)
(4.40273e-06 -1.03168e-05 5.70761)
(4.42401e-06 -1.09471e-05 5.4136)
(9.48824e-06 -1.58344e-05 5.10729)
(8.44182e-06 -1.50122e-05 4.78078)
(-3.62264e-05 2.5042e-05 4.42118)
(-0.00015843 0.000134665 3.99588)
(0.000514826 -0.000465888 3.16811)
(-0.000520932 0.000362949 2.94339)
(0.000158476 -0.000120564 3.71814)
(3.54393e-05 -3.38396e-05 4.11732)
(-9.46482e-06 -2.29405e-06 4.45465)
(-1.00337e-05 -2.0063e-06 4.76055)
(-4.24253e-06 -6.0646e-06 5.04731)
(-3.41712e-06 -6.47034e-06 5.32269)
(-3.75059e-06 -5.97336e-06 5.59095)
(-3.74043e-06 -5.69111e-06 5.85399)
(-3.66721e-06 -5.45308e-06 6.11165)
(-3.71075e-06 -5.10329e-06 6.36127)
(-3.84527e-06 -4.54896e-06 6.59668)
(-4.05182e-06 -3.6369e-06 6.80706)
(-4.35106e-06 -2.28544e-06 6.97713)
(-4.54836e-06 -8.28894e-07 7.09069)
(-4.01668e-06 -3.01499e-08 7.13473)
(-1.9946e-06 -5.69923e-07 7.09648)
(1.28604e-06 -2.34915e-06 6.97017)
(4.66856e-06 -4.64086e-06 6.77337)
(7.28693e-06 -6.97335e-06 6.5333)
(8.9086e-06 -9.09293e-06 6.26962)
(9.49312e-06 -1.06546e-05 5.99295)
(9.01222e-06 -1.13568e-05 5.70761)
(9.38232e-06 -1.24209e-05 5.4136)
(1.50207e-05 -1.69465e-05 5.10729)
(1.37951e-05 -1.63303e-05 4.78079)
(-3.52802e-05 1.8505e-05 4.42118)
(-0.00016931 0.000113909 3.99588)
(0.000566248 -0.000407092 3.16812)
(-0.000557284 0.000304643 2.94339)
(0.000172219 -9.92613e-05 3.71814)
(4.03278e-05 -2.66371e-05 4.11732)
(-7.7914e-06 -1.77741e-07 4.45465)
(-8.39271e-06 1.23679e-07 4.76055)
(-2.22318e-06 -3.23037e-06 5.04731)
(-1.42887e-06 -3.54726e-06 5.32269)
(-1.90927e-06 -3.11763e-06 5.59095)
(-2.03184e-06 -2.86476e-06 5.85399)
(-2.08369e-06 -2.63333e-06 6.11165)
(-2.26787e-06 -2.28455e-06 6.36127)
(-2.59301e-06 -1.75578e-06 6.59668)
(-3.06304e-06 -9.78465e-07 6.80706)
(-3.65821e-06 4.43998e-08 6.97713)
(-4.09003e-06 1.04719e-06 7.09069)
(-3.6528e-06 1.50427e-06 7.13473)
(-1.52328e-06 9.42334e-07 7.09648)
(2.10867e-06 -4.99813e-07 6.97017)
(6.10801e-06 -2.27897e-06 6.77337)
(9.56585e-06 -4.15559e-06 6.5333)
(1.20533e-05 -6.04024e-06 6.26962)
(1.33548e-05 -7.63034e-06 5.99295)
(1.34006e-05 -8.58274e-06 5.70761)
(1.42265e-05 -9.82373e-06 5.4136)
(2.05397e-05 -1.38865e-05 5.1073)
(1.93085e-05 -1.3567e-05 4.78079)
(-3.34475e-05 1.54308e-05 4.42119)
(-0.000177573 9.51263e-05 3.99588)
(0.000611046 -0.000340389 3.16812)
(-0.000587174 0.000241868 2.94339)
(0.000183159 -7.74559e-05 3.71814)
(4.40354e-05 -1.98967e-05 4.11732)
(-6.70874e-06 1.12014e-06 4.45465)
(-7.33358e-06 1.42889e-06 4.76055)
(-8.53175e-07 -1.1642e-06 5.04731)
(-9.13078e-08 -1.3587e-06 5.32269)
(-7.1814e-07 -9.57074e-07 5.59095)
(-1.00151e-06 -6.73757e-07 5.85399)
(-1.22357e-06 -3.65864e-07 6.11165)
(-1.56278e-06 8.9011e-08 6.36127)
(-1.98843e-06 7.18336e-07 6.59668)
(-2.5013e-06 1.48599e-06 6.80706)
(-3.13811e-06 2.27443e-06 6.97713)
(-3.64987e-06 2.87994e-06 7.09069)
(-3.286e-06 3.03532e-06 7.13473)
(-1.14538e-06 2.54767e-06 7.09648)
(2.66413e-06 1.68023e-06 6.97017)
(7.20765e-06 9.65828e-07 6.77337)
(1.1931e-05 5.60467e-07 6.5333)
(1.6511e-05 3.16596e-07 6.26962)
(2.02302e-05 2.61705e-07 5.99296)
(2.23233e-05 5.75902e-07 5.70762)
(2.45939e-05 4.7568e-07 5.41361)
(3.20149e-05 -2.10079e-06 5.10731)
(3.09536e-05 -1.50323e-06 4.7808)
(-2.49281e-05 2.14541e-05 4.4212)
(-0.000177707 8.41474e-05 3.99589)
(0.000652989 -0.000261723 3.16813)
(-0.000611809 0.000173787 2.94339)
(0.000189147 -5.73492e-05 3.71814)
(4.43349e-05 -1.56902e-05 4.11733)
(-8.50131e-06 -3.85085e-07 4.45465)
(-9.16725e-06 1.37839e-08 4.76055)
(-2.40117e-06 -1.61597e-06 5.04731)
(-1.53832e-06 -1.43524e-06 5.32269)
(-2.07537e-06 -7.26707e-07 5.59095)
(-2.21096e-06 3.37247e-08 5.85399)
(-2.22702e-06 9.80287e-07 6.11165)
(-2.27576e-06 2.14439e-06 6.36127)
(-2.30169e-06 3.33761e-06 6.59668)
(-2.3789e-06 4.26129e-06 6.80706)
(-2.71542e-06 4.73994e-06 6.97713)
(-3.16203e-06 4.81617e-06 7.09069)
(-2.8846e-06 4.58823e-06 7.13473)
(-9.46368e-07 4.09834e-06 7.09648)
(2.50478e-06 3.79622e-06 6.97017)
(6.32349e-06 4.33005e-06 6.77337)
(9.79381e-06 6.07675e-06 6.53329)
(1.26913e-05 8.82495e-06 6.26961)
(1.47135e-05 1.20017e-05 5.99295)
(1.55285e-05 1.50776e-05 5.70761)
(1.71726e-05 1.71262e-05 5.4136)
(2.47202e-05 1.65822e-05 5.10729)
(2.38239e-05 1.758e-05 4.78078)
(-3.38233e-05 3.40376e-05 4.42118)
(-0.000191966 7.84661e-05 3.99588)
(0.000673693 -0.000174673 3.16811)
(-0.000632752 0.000112205 2.9434)
(0.000187558 -2.60281e-05 3.71814)
(3.82464e-05 -1.39637e-07 4.11733)
(-1.65498e-05 9.54364e-06 4.45465)
(-1.77106e-05 1.00095e-05 4.76056)
(-1.10992e-05 9.07251e-06 5.04732)
(-1.0307e-05 9.07443e-06 5.3227)
(-1.05718e-05 9.26121e-06 5.59096)
(-9.8739e-06 9.36375e-06 5.854)
(-8.39053e-06 9.46219e-06 6.11165)
(-6.39161e-06 9.5401e-06 6.36127)
(-4.26754e-06 9.41396e-06 6.59668)
(-2.6851e-06 8.90546e-06 6.80706)
(-2.1682e-06 8.03033e-06 6.97713)
(-2.43113e-06 7.02593e-06 7.0907)
(-2.33297e-06 6.08795e-06 7.13473)
(-7.45039e-07 5.36973e-06 7.09648)
(2.07465e-06 5.13916e-06 6.97016)
(4.69687e-06 5.80057e-06 6.77336)
(6.19487e-06 7.46013e-06 6.53329)
(6.51785e-06 9.74195e-06 6.26961)
(5.89334e-06 1.21143e-05 5.99294)
(4.50039e-06 1.42224e-05 5.7076)
(4.67456e-06 1.55385e-05 5.41359)
(1.1627e-05 1.51506e-05 5.10728)
(1.05318e-05 1.55851e-05 4.78077)
(-4.82599e-05 2.52718e-05 4.42117)
(-0.000209583 5.17536e-05 3.99586)
(0.000681012 -0.000102261 3.1681)
(-0.000639132 6.06164e-05 2.9434)
(0.000192032 1.90983e-05 3.71814)
(4.09942e-05 2.95141e-05 4.11733)
(-1.43855e-05 3.35335e-05 4.45465)
(-1.54871e-05 3.36927e-05 4.76056)
(-8.74546e-06 3.27083e-05 5.04732)
(-7.91362e-06 3.14546e-05 5.3227)
(-8.15408e-06 2.97622e-05 5.59096)
(-7.40561e-06 2.7584e-05 5.854)
(-5.84158e-06 2.49348e-05 6.11165)
(-3.76699e-06 2.18281e-05 6.36127)
(-1.66817e-06 1.84018e-05 6.59668)
(-3.07604e-07 1.49604e-05 6.80706)
(-2.07542e-07 1.18458e-05 6.97713)
(-9.76724e-07 9.32919e-06 7.09069)
(-1.38066e-06 7.4749e-06 7.13473)
(-2.50687e-07 6.34061e-06 7.09648)
(2.04879e-06 5.81904e-06 6.97016)
(3.99746e-06 5.88915e-06 6.77336)
(4.7384e-06 6.33904e-06 6.53329)
(4.43829e-06 6.84795e-06 6.26961)
(3.43975e-06 7.22212e-06 5.99294)
(1.85903e-06 7.44263e-06 5.7076)
(1.96519e-06 7.41929e-06 5.41359)
(8.99009e-06 6.88394e-06 5.10728)
(7.91305e-06 6.6884e-06 4.78077)
(-5.15388e-05 9.6503e-06 4.42117)
(-0.000214756 1.8281e-05 3.99586)
(0.000687599 -3.36049e-05 3.1681)
(-0.000629955 -2.80353e-06 2.94339)
(0.000203883 5.08611e-05 3.71813)
(5.42658e-05 4.50164e-05 4.11732)
(1.08517e-07 4.31913e-05 4.45465)
(1.1997e-07 4.33483e-05 4.76055)
(7.83382e-06 4.3023e-05 5.04731)
(9.36783e-06 4.15756e-05 5.32269)
(9.31074e-06 3.94225e-05 5.59095)
(9.37471e-06 3.67986e-05 5.85399)
(9.09243e-06 3.36622e-05 6.11165)
(8.23897e-06 2.98114e-05 6.36127)
(6.96714e-06 2.51983e-05 6.59668)
(5.37824e-06 2.0153e-05 6.80706)
(3.37766e-06 1.5368e-05 6.97713)
(1.25611e-06 1.14865e-05 7.09069)
(1.04242e-09 8.75818e-06 7.13473)
(5.99608e-07 7.1927e-06 7.09648)
(2.57509e-06 6.34633e-06 6.97016)
(4.37953e-06 5.84835e-06 6.77336)
(5.19534e-06 5.4075e-06 6.53329)
(5.19034e-06 4.97097e-06 6.26961)
(4.59281e-06 4.56551e-06 5.99294)
(3.36983e-06 4.17093e-06 5.7076)
(3.7127e-06 3.87757e-06 5.41359)
(1.08499e-05 3.96264e-06 5.10728)
(9.78747e-06 3.58176e-06 4.78077)
(-4.97262e-05 -8.62949e-08 4.42117)
(-0.000213086 -9.60368e-06 3.99587)
(0.000688912 4.04926e-05 3.1681)
(-0.000625571 -6.43659e-05 2.94339)
(0.000197208 8.41538e-05 3.71814)
(4.93345e-05 6.22709e-05 4.11732)
(-4.1001e-06 5.46899e-05 4.45465)
(-3.86994e-06 5.48479e-05 4.76055)
(4.16695e-06 5.51487e-05 5.04731)
(6.35509e-06 5.34613e-05 5.32269)
(7.32315e-06 5.07614e-05 5.59096)
(8.87852e-06 4.74633e-05 5.854)
(1.05501e-05 4.34222e-05 6.11165)
(1.17379e-05 3.83468e-05 6.36127)
(1.1799e-05 3.19178e-05 6.59668)
(1.02196e-05 2.49661e-05 6.80706)
(7.18425e-06 1.84121e-05 6.97713)
(3.83427e-06 1.32833e-05 7.09069)
(1.64821e-06 9.80774e-06 7.13473)
(1.69687e-06 7.91582e-06 7.09648)
(3.49051e-06 6.88765e-06 6.97017)
(5.4359e-06 6.01095e-06 6.77336)
(6.56712e-06 4.8194e-06 6.53329)
(6.78801e-06 3.36613e-06 6.26961)
(6.21475e-06 1.88148e-06 5.99294)
(4.91115e-06 4.80251e-07 5.7076)
(5.14875e-06 -4.40139e-07 5.41359)
(1.21225e-05 -5.15507e-09 5.10728)
(1.10152e-05 -7.36442e-07 4.78077)
(-4.78121e-05 -1.10633e-05 4.42117)
(-0.0002092 -3.85923e-05 3.99587)
(0.000681258 0.000112969 3.1681)
(-0.000599586 -0.000114528 2.94338)
(0.000205729 0.000129412 3.71812)
(6.34956e-05 9.2721e-05 4.11731)
(1.31127e-05 7.99985e-05 4.45464)
(1.49537e-05 8.03189e-05 4.76054)
(2.42628e-05 8.1033e-05 5.0473)
(2.75612e-05 7.84642e-05 5.32269)
(2.90926e-05 7.40011e-05 5.59095)
(3.02813e-05 6.8089e-05 5.85399)
(3.03528e-05 6.04082e-05 6.11165)
(2.85951e-05 5.08451e-05 6.36127)
(2.47051e-05 4.00972e-05 6.59668)
(1.89008e-05 2.94877e-05 6.80706)
(1.24195e-05 2.08438e-05 6.97713)
(6.82553e-06 1.45974e-05 7.09069)
(3.42198e-06 1.06412e-05 7.13473)
(2.86853e-06 8.63294e-06 7.09648)
(4.59881e-06 7.74592e-06 6.97017)
(7.0821e-06 7.01772e-06 6.77337)
(9.42478e-06 5.73359e-06 6.53329)
(1.13397e-05 3.76984e-06 6.26961)
(1.25432e-05 1.40631e-06 5.99295)
(1.27429e-05 -1.02216e-06 5.70761)
(1.39852e-05 -2.69986e-06 5.4136)
(2.1321e-05 -2.10003e-06 5.10729)
(2.03681e-05 -3.36115e-06 4.78078)
(-3.72046e-05 -2.04089e-05 4.42118)
(-0.000195139 -6.58177e-05 3.99588)
(0.000671086 0.000184994 3.16811)
(-0.000546238 -0.000200445 2.94337)
(0.000235733 0.000128909 3.71811)
(0.000102595 7.583e-05 4.1173)
(5.67934e-05 5.78722e-05 4.45462)
(6.04918e-05 5.95835e-05 4.76053)
(7.06187e-05 6.32349e-05 5.04729)
(7.39681e-05 6.34645e-05 5.32268)
(7.41372e-05 6.1879e-05 5.59094)
(7.18128e-05 5.88505e-05 5.85398)
(6.56963e-05 5.38488e-05 6.11164)
(5.53822e-05 4.6658e-05 6.36126)
(4.22472e-05 3.78825e-05 6.59667)
(2.88883e-05 2.88639e-05 6.80706)
(1.75351e-05 2.08405e-05 6.97713)
(9.47263e-06 1.49066e-05 7.09069)
(4.89173e-06 1.11035e-05 7.13473)
(3.75665e-06 9.34154e-06 7.09648)
(5.302e-06 9.06932e-06 6.97017)
(8.04337e-06 9.44942e-06 6.77337)
(1.12341e-05 1.00025e-05 6.5333)
(1.45283e-05 1.06017e-05 6.26962)
(1.72381e-05 1.10207e-05 5.99296)
(1.86137e-05 1.09484e-05 5.70762)
(2.04359e-05 1.11153e-05 5.41361)
(2.76362e-05 1.35662e-05 5.10731)
(2.65396e-05 1.26432e-05 4.7808)
(-2.92201e-05 -1.08534e-05 4.42119)
(-0.000181714 -7.4356e-05 3.99589)
(0.000649716 0.000269675 3.16812)
(-0.000517813 -0.000296098 2.94338)
(0.000221986 0.000111066 3.71812)
(9.49849e-05 4.04705e-05 4.11731)
(5.05265e-05 1.60202e-05 4.45463)
(5.27692e-05 1.78256e-05 4.76054)
(6.10289e-05 2.33606e-05 5.0473)
(6.30377e-05 2.58309e-05 5.32268)
(6.2596e-05 2.73741e-05 5.59095)
(6.08316e-05 2.87299e-05 5.85399)
(5.68133e-05 2.95098e-05 6.11164)
(4.98389e-05 2.92175e-05 6.36126)
(4.01061e-05 2.7367e-05 6.59668)
(2.8971e-05 2.37824e-05 6.80706)
(1.84332e-05 1.89347e-05 6.97713)
(1.03904e-05 1.44099e-05 7.09069)
(5.55937e-06 1.12116e-05 7.13473)
(4.07284e-06 9.87655e-06 7.09648)
(5.1362e-06 1.02435e-05 6.97017)
(7.07344e-06 1.15334e-05 6.77337)
(8.79657e-06 1.32688e-05 6.5333)
(9.87421e-06 1.51741e-05 6.26962)
(1.01059e-05 1.68408e-05 5.99296)
(9.41967e-06 1.78291e-05 5.70762)
(9.81036e-06 1.90167e-05 5.4136)
(1.59272e-05 2.29107e-05 5.1073)
(1.46871e-05 2.22905e-05 4.78079)
(-3.79221e-05 -7.15782e-06 4.42119)
(-0.000181739 -8.75012e-05 3.99588)
(0.000607647 0.000346568 3.16812)
(-0.000485109 -0.000358451 2.94338)
(0.000203352 0.000127386 3.71812)
(8.45477e-05 4.22945e-05 4.11731)
(4.27623e-05 1.25383e-05 4.45464)
(4.45764e-05 1.42814e-05 4.76054)
(5.21109e-05 2.05758e-05 5.0473)
(5.3982e-05 2.32911e-05 5.32269)
(5.37614e-05 2.49472e-05 5.59095)
(5.24964e-05 2.63612e-05 5.85399)
(4.93028e-05 2.70586e-05 6.11165)
(4.35588e-05 2.66601e-05 6.36127)
(3.54934e-05 2.50286e-05 6.59668)
(2.62188e-05 2.21375e-05 6.80706)
(1.72265e-05 1.80973e-05 6.97713)
(1.00805e-05 1.40894e-05 7.09069)
(5.56542e-06 1.11909e-05 7.13473)
(3.97644e-06 1.01401e-05 7.09648)
(4.61992e-06 1.08873e-05 6.97018)
(5.8808e-06 1.25308e-05 6.77338)
(6.74527e-06 1.44493e-05 6.5333)
(6.98175e-06 1.62953e-05 6.26962)
(6.54917e-06 1.76687e-05 5.99296)
(5.38629e-06 1.82178e-05 5.70761)
(5.35829e-06 1.9119e-05 5.4136)
(1.08225e-05 2.34404e-05 5.1073)
(9.59499e-06 2.25556e-05 4.78079)
(-3.9341e-05 -1.26343e-05 4.42118)
(-0.000173086 -0.000108517 3.99588)
(0.000563177 0.000411451 3.16812)
(-0.000453305 -0.000414067 2.94339)
(0.000173607 0.000144525 3.71813)
(6.37858e-05 4.59449e-05 4.11732)
(2.46975e-05 1.10198e-05 4.45464)
(2.56989e-05 1.2286e-05 4.76055)
(3.21712e-05 1.87602e-05 5.04731)
(3.37852e-05 2.11779e-05 5.32269)
(3.3958e-05 2.25904e-05 5.59095)
(3.38666e-05 2.4113e-05 5.85399)
(3.29102e-05 2.53174e-05 6.11165)
(3.05187e-05 2.57022e-05 6.36127)
(2.64695e-05 2.48067e-05 6.59668)
(2.09717e-05 2.22831e-05 6.80706)
(1.47255e-05 1.82885e-05 6.97713)
(9.08932e-06 1.417e-05 7.09069)
(5.17602e-06 1.12245e-05 7.13473)
(3.61094e-06 1.02759e-05 7.09649)
(3.91932e-06 1.11783e-05 6.97018)
(4.63912e-06 1.27566e-05 6.77338)
(4.80736e-06 1.41618e-05 6.53331)
(4.24941e-06 1.50992e-05 6.26963)
(3.10232e-06 1.54346e-05 5.99296)
(1.49122e-06 1.50627e-05 5.70762)
(1.1733e-06 1.54566e-05 5.4136)
(6.09333e-06 2.01233e-05 5.1073)
(5.04874e-06 1.90688e-05 4.78079)
(-3.95015e-05 -2.12518e-05 4.42118)
(-0.00016147 -0.000131204 3.99588)
(0.000512362 0.000468673 3.16811)
)