1624
(
(-1.4143 -1.2639 0.0)
(-1.41381 -1.26345 0.0)
(-1.41297 -1.2627 0.0)
(-1.41156 -1.26144 0.0)
(-1.40919 -1.25933 0.0)
(-1.40523 -1.25579 0.0)
(-1.39864 -1.2499 0.0)
(-1.38774 -1.24016 0.0)
(-1.36993 -1.22425 0.0)
(-1.34142 -1.19876 0.0)
(-1.29713 -1.15918 0.0)
(-1.23151 -1.10054 0.0)
(-1.14061 -1.0193 0.0)
(-1.02554 -0.916454 0.0)
(-0.895081 -0.799866 0.0)
(-0.764269 -0.682959 0.0)
(-0.648354 -0.579364 0.0)
(-0.556565 -0.497332 0.0)
(-0.490296 -0.438107 0.0)
(-0.44564 -0.398198 0.0)
(-0.416944 -0.372552 0.0)
(-0.399063 -0.356572 0.0)
(-0.388132 -0.346803 0.0)
(-0.381528 -0.3409 0.0)
(-0.377565 -0.337359 0.0)
(-0.375198 -0.335243 0.0)
(-0.373786 -0.333982 0.0)
(-0.372947 -0.333231 0.0)
(-0.372447 -0.332785 0.0)
(-1.54692 -1.0976 0.0)
(-1.54638 -1.09721 0.0)
(-1.54546 -1.09656 0.0)
(-1.54392 -1.09547 0.0)
(-1.54133 -1.09363 0.0)
(-1.537 -1.09056 0.0)
(-1.52979 -1.08544 0.0)
(-1.51787 -1.07698 0.0)
(-1.49839 -1.06316 0.0)
(-1.4672 -1.04103 0.0)
(-1.41876 -1.00666 0.0)
(-1.34699 -0.955729 0.0)
(-1.24756 -0.885178 0.0)
(-1.1217 -0.795868 0.0)
(-0.979008 -0.694619 0.0)
(-0.83593 -0.593093 0.0)
(-0.709145 -0.503128 0.0)
(-0.608749 -0.431889 0.0)
(-0.536265 -0.380456 0.0)
(-0.487422 -0.345798 0.0)
(-0.456035 -0.323527 0.0)
(-0.436477 -0.309649 0.0)
(-0.424521 -0.301165 0.0)
(-0.417297 -0.296039 0.0)
(-0.412963 -0.292964 0.0)
(-0.410373 -0.291126 0.0)
(-0.40883 -0.290031 0.0)
(-0.407912 -0.289379 0.0)
(-0.407366 -0.288992 0.0)
(-1.66009 -0.917498 0.0)
(-1.6595 -0.917174 0.0)
(-1.65852 -0.91663 0.0)
(-1.65686 -0.915715 0.0)
(-1.65408 -0.91418 0.0)
(-1.64944 -0.911612 0.0)
(-1.6417 -0.907334 0.0)
(-1.62891 -0.900263 0.0)
(-1.60801 -0.888712 0.0)
(-1.57454 -0.870211 0.0)
(-1.52255 -0.84148 0.0)
(-1.44553 -0.798905 0.0)
(-1.33883 -0.73993 0.0)
(-1.20375 -0.665274 0.0)
(-1.05063 -0.580637 0.0)
(-0.89708 -0.495769 0.0)
(-0.761019 -0.420566 0.0)
(-0.653277 -0.361016 0.0)
(-0.575491 -0.318022 0.0)
(-0.523074 -0.28905 0.0)
(-0.489391 -0.270433 0.0)
(-0.468402 -0.258832 0.0)
(-0.455572 -0.25174 0.0)
(-0.44782 -0.247455 0.0)
(-0.443168 -0.244884 0.0)
(-0.440389 -0.243348 0.0)
(-0.438733 -0.242433 0.0)
(-0.437747 -0.241888 0.0)
(-0.437161 -0.241564 0.0)
(-1.75238 -0.725859 0.0)
(-1.75176 -0.725603 0.0)
(-1.75072 -0.725172 0.0)
(-1.74897 -0.724448 0.0)
(-1.74604 -0.723233 0.0)
(-1.74114 -0.721202 0.0)
(-1.73297 -0.717818 0.0)
(-1.71946 -0.712223 0.0)
(-1.6974 -0.703085 0.0)
(-1.66207 -0.688448 0.0)
(-1.6072 -0.665717 0.0)
(-1.52589 -0.632035 0.0)
(-1.41325 -0.585377 0.0)
(-1.27067 -0.526313 0.0)
(-1.10903 -0.459354 0.0)
(-0.946948 -0.392211 0.0)
(-0.803322 -0.332715 0.0)
(-0.689591 -0.285602 0.0)
(-0.60748 -0.251587 0.0)
(-0.552149 -0.228667 0.0)
(-0.516593 -0.213938 0.0)
(-0.494437 -0.20476 0.0)
(-0.480893 -0.199149 0.0)
(-0.47271 -0.195759 0.0)
(-0.4678 -0.193726 0.0)
(-0.464867 -0.19251 0.0)
(-0.463118 -0.191786 0.0)
(-0.462078 -0.191355 0.0)
(-0.461459 -0.191099 0.0)
(-1.82263 -0.525091 0.0)
(-1.82199 -0.524905 0.0)
(-1.82091 -0.524593 0.0)
(-1.81909 -0.52407 0.0)
(-1.81604 -0.523191 0.0)
(-1.81094 -0.521721 0.0)
(-1.80244 -0.519273 0.0)
(-1.78839 -0.515226 0.0)
(-1.76545 -0.508615 0.0)
(-1.7287 -0.498026 0.0)
(-1.67163 -0.481583 0.0)
(-1.58706 -0.457216 0.0)
(-1.46991 -0.423462 0.0)
(-1.32161 -0.380734 0.0)
(-1.15349 -0.332293 0.0)
(-0.984907 -0.283721 0.0)
(-0.835523 -0.240679 0.0)
(-0.717232 -0.206596 0.0)
(-0.631829 -0.181989 0.0)
(-0.57428 -0.165408 0.0)
(-0.537298 -0.154753 0.0)
(-0.514254 -0.148113 0.0)
(-0.500167 -0.144054 0.0)
(-0.491656 -0.141602 0.0)
(-0.486549 -0.14013 0.0)
(-0.483498 -0.139251 0.0)
(-0.481679 -0.138727 0.0)
(-0.480597 -0.138416 0.0)
(-0.479954 -0.13823 0.0)
(-1.86996 -0.317719 0.0)
(-1.8693 -0.317607 0.0)
(-1.86819 -0.317418 0.0)
(-1.86633 -0.317101 0.0)
(-1.8632 -0.31657 0.0)
(-1.85796 -0.31568 0.0)
(-1.84925 -0.314199 0.0)
(-1.83484 -0.31175 0.0)
(-1.81129 -0.307749 0.0)
(-1.77359 -0.301342 0.0)
(-1.71504 -0.291392 0.0)
(-1.62827 -0.276647 0.0)
(-1.50808 -0.256222 0.0)
(-1.35593 -0.230366 0.0)
(-1.18344 -0.201054 0.0)
(-1.01048 -0.171662 0.0)
(-0.857217 -0.145617 0.0)
(-0.735854 -0.124993 0.0)
(-0.648232 -0.110103 0.0)
(-0.589188 -0.100069 0.0)
(-0.551247 -0.0936213 0.0)
(-0.527604 -0.0896035 0.0)
(-0.513151 -0.0871475 0.0)
(-0.504419 -0.0856635 0.0)
(-0.499179 -0.0847731 0.0)
(-0.496049 -0.0842411 0.0)
(-0.494183 -0.0839241 0.0)
(-0.493073 -0.0837354 0.0)
(-0.492413 -0.0836232 0.0)
(-1.89378 -0.106352 0.0)
(-1.89311 -0.106314 0.0)
(-1.89198 -0.106251 0.0)
(-1.8901 -0.106145 0.0)
(-1.88693 -0.105967 0.0)
(-1.88163 -0.105669 0.0)
(-1.8728 -0.105173 0.0)
(-1.8582 -0.104353 0.0)
(-1.83436 -0.103014 0.0)
(-1.79618 -0.100868 0.0)
(-1.73688 -0.0975362 0.0)
(-1.64901 -0.0925989 0.0)
(-1.52728 -0.0857596 0.0)
(-1.3732 -0.0771018 0.0)
(-1.19851 -0.0672866 0.0)
(-1.02335 -0.0574446 0.0)
(-0.868131 -0.0487233 0.0)
(-0.745222 -0.0418173 0.0)
(-0.656484 -0.0368314 0.0)
(-0.596688 -0.0334716 0.0)
(-0.558263 -0.0313125 0.0)
(-0.534319 -0.0299672 0.0)
(-0.519682 -0.0291448 0.0)
(-0.510838 -0.0286479 0.0)
(-0.505532 -0.0283497 0.0)
(-0.502362 -0.0281716 0.0)
(-0.500472 -0.0280654 0.0)
(-0.499348 -0.0280022 0.0)
(-0.498679 -0.0279647 0.0)
(-1.89378 0.106352 0.0)
(-1.89311 0.106315 0.0)
(-1.89198 0.106252 0.0)
(-1.8901 0.106146 0.0)
(-1.88693 0.105968 0.0)
(-1.88163 0.10567 0.0)
(-1.8728 0.105175 0.0)
(-1.8582 0.104356 0.0)
(-1.83436 0.103017 0.0)
(-1.79618 0.100874 0.0)
(-1.73688 0.0975456 0.0)
(-1.64901 0.0926134 0.0)
(-1.52728 0.0857811 0.0)
(-1.37319 0.0771321 0.0)
(-1.19851 0.067327 0.0)
(-1.02334 0.0574951 0.0)
(-0.868128 0.0487828 0.0)
(-0.745218 0.0418839 0.0)
(-0.65648 0.0369031 0.0)
(-0.596684 0.0335467 0.0)
(-0.558258 0.0313899 0.0)
(-0.534315 0.030046 0.0)
(-0.519678 0.0292244 0.0)
(-0.510834 0.028728 0.0)
(-0.505528 0.0284301 0.0)
(-0.502357 0.0282522 0.0)
(-0.500468 0.0281461 0.0)
(-0.499343 0.028083 0.0)
(-0.498675 0.0280455 0.0)
(-1.86996 0.317719 0.0)
(-1.8693 0.317607 0.0)
(-1.86819 0.317419 0.0)
(-1.86633 0.317102 0.0)
(-1.8632 0.31657 0.0)
(-1.85796 0.315681 0.0)
(-1.84925 0.3142 0.0)
(-1.83483 0.311752 0.0)
(-1.81129 0.307753 0.0)
(-1.77359 0.301348 0.0)
(-1.71503 0.291401 0.0)
(-1.62827 0.276661 0.0)
(-1.50807 0.256243 0.0)
(-1.35592 0.230396 0.0)
(-1.18343 0.201094 0.0)
(-1.01047 0.171712 0.0)
(-0.857207 0.145676 0.0)
(-0.735843 0.125058 0.0)
(-0.64822 0.110173 0.0)
(-0.589176 0.100143 0.0)
(-0.551234 0.0936977 0.0)
(-0.527591 0.0896813 0.0)
(-0.513138 0.0872261 0.0)
(-0.504405 0.0857426 0.0)
(-0.499166 0.0848525 0.0)
(-0.496035 0.0843207 0.0)
(-0.49417 0.0840038 0.0)
(-0.493059 0.0838152 0.0)
(-0.492399 0.083703 0.0)
(-1.82263 0.525091 0.0)
(-1.82199 0.524905 0.0)
(-1.8209 0.524594 0.0)
(-1.81909 0.52407 0.0)
(-1.81604 0.523192 0.0)
(-1.81094 0.521722 0.0)
(-1.80244 0.519275 0.0)
(-1.78839 0.515228 0.0)
(-1.76545 0.508619 0.0)
(-1.7287 0.498032 0.0)
(-1.67162 0.481592 0.0)
(-1.58705 0.45723 0.0)
(-1.4699 0.423483 0.0)
(-1.3216 0.380763 0.0)
(-1.15348 0.332332 0.0)
(-0.984893 0.283769 0.0)
(-0.835507 0.240736 0.0)
(-0.717214 0.20666 0.0)
(-0.631809 0.182058 0.0)
(-0.574259 0.16548 0.0)
(-0.537277 0.154827 0.0)
(-0.514232 0.148189 0.0)
(-0.500145 0.144131 0.0)
(-0.491634 0.141679 0.0)
(-0.486527 0.140208 0.0)
(-0.483476 0.139329 0.0)
(-0.481657 0.138805 0.0)
(-0.480575 0.138493 0.0)
(-0.479931 0.138308 0.0)
(-1.75238 0.725859 0.0)
(-1.75176 0.725603 0.0)
(-1.75072 0.725172 0.0)
(-1.74897 0.724448 0.0)
(-1.74604 0.723234 0.0)
(-1.74114 0.721202 0.0)
(-1.73297 0.717819 0.0)
(-1.71946 0.712225 0.0)
(-1.6974 0.703088 0.0)
(-1.66207 0.688453 0.0)
(-1.60719 0.665726 0.0)
(-1.52588 0.632048 0.0)
(-1.41325 0.585397 0.0)
(-1.27066 0.526341 0.0)
(-1.10902 0.459391 0.0)
(-0.946929 0.392258 0.0)
(-0.8033 0.33277 0.0)
(-0.689566 0.285663 0.0)
(-0.607452 0.251654 0.0)
(-0.55212 0.228736 0.0)
(-0.516564 0.21401 0.0)
(-0.494407 0.204833 0.0)
(-0.480863 0.199223 0.0)
(-0.472679 0.195834 0.0)
(-0.467769 0.1938 0.0)
(-0.464836 0.192585 0.0)
(-0.463087 0.191861 0.0)
(-0.462047 0.19143 0.0)
(-0.461428 0.191174 0.0)
(-1.66009 0.917499 0.0)
(-1.6595 0.917175 0.0)
(-1.65852 0.91663 0.0)
(-1.65686 0.915715 0.0)
(-1.65408 0.91418 0.0)
(-1.64944 0.911612 0.0)
(-1.6417 0.907336 0.0)
(-1.6289 0.900265 0.0)
(-1.60801 0.888715 0.0)
(-1.57453 0.870216 0.0)
(-1.52255 0.841488 0.0)
(-1.44552 0.798918 0.0)
(-1.33882 0.739949 0.0)
(-1.20374 0.6653 0.0)
(-1.05061 0.580672 0.0)
(-0.897055 0.495814 0.0)
(-0.76099 0.420618 0.0)
(-0.653245 0.361074 0.0)
(-0.575456 0.318084 0.0)
(-0.523038 0.289116 0.0)
(-0.489354 0.2705 0.0)
(-0.468364 0.258901 0.0)
(-0.455533 0.25181 0.0)
(-0.447781 0.247525 0.0)
(-0.443129 0.244955 0.0)
(-0.44035 0.243419 0.0)
(-0.438694 0.242504 0.0)
(-0.437708 0.241959 0.0)
(-0.437122 0.241635 0.0)
(-1.54692 1.0976 0.0)
(-1.54638 1.09721 0.0)
(-1.54546 1.09656 0.0)
(-1.54392 1.09547 0.0)
(-1.54133 1.09363 0.0)
(-1.537 1.09056 0.0)
(-1.52979 1.08544 0.0)
(-1.51786 1.07698 0.0)
(-1.49839 1.06317 0.0)
(-1.4672 1.04104 0.0)
(-1.41876 1.00667 0.0)
(-1.34698 0.955741 0.0)
(-1.24755 0.885196 0.0)
(-1.12168 0.795893 0.0)
(-0.978985 0.694652 0.0)
(-0.835901 0.593134 0.0)
(-0.70911 0.503177 0.0)
(-0.60871 0.431944 0.0)
(-0.536224 0.380515 0.0)
(-0.487378 0.345859 0.0)
(-0.45599 0.32359 0.0)
(-0.436431 0.309713 0.0)
(-0.424475 0.30123 0.0)
(-0.417251 0.296104 0.0)
(-0.412916 0.293029 0.0)
(-0.410327 0.291192 0.0)
(-0.408783 0.290097 0.0)
(-0.407865 0.289445 0.0)
(-0.407319 0.289058 0.0)
(-1.4143 1.2639 0.0)
(-1.41381 1.26345 0.0)
(-1.41297 1.2627 0.0)
(-1.41155 1.26144 0.0)
(-1.40919 1.25933 0.0)
(-1.40523 1.25579 0.0)
(-1.39864 1.2499 0.0)
(-1.38774 1.24016 0.0)
(-1.36993 1.22425 0.0)
(-1.34141 1.19876 0.0)
(-1.29713 1.15919 0.0)
(-1.2315 1.10055 0.0)
(-1.14059 1.01931 0.0)
(-1.02552 0.916477 0.0)
(-0.895054 0.799896 0.0)
(-0.764235 0.682996 0.0)
(-0.648314 0.579409 0.0)
(-0.55652 0.497382 0.0)
(-0.490248 0.438161 0.0)
(-0.44559 0.398254 0.0)
(-0.416893 0.37261 0.0)
(-0.399011 0.35663 0.0)
(-0.388079 0.346862 0.0)
(-0.381474 0.34096 0.0)
(-0.377511 0.337419 0.0)
(-0.375144 0.335303 0.0)
(-0.373733 0.334042 0.0)
(-0.372893 0.333292 0.0)
(-0.372394 0.332845 0.0)
(-1.2639 -1.4143 0.0)
(-1.26345 -1.4138 0.0)
(-1.2627 -1.41297 0.0)
(-1.26144 -1.41155 0.0)
(-1.25933 -1.40919 0.0)
(-1.25579 -1.40523 0.0)
(-1.2499 -1.39864 0.0)
(-1.24016 -1.38774 0.0)
(-1.22425 -1.36993 0.0)
(-1.19877 -1.34141 0.0)
(-1.15919 -1.29713 0.0)
(-1.10055 -1.2315 0.0)
(-1.01931 -1.14059 0.0)
(-0.916477 -1.02552 0.0)
(-0.799896 -0.895053 0.0)
(-0.682996 -0.764235 0.0)
(-0.579409 -0.648314 0.0)
(-0.497382 -0.55652 0.0)
(-0.438161 -0.490248 0.0)
(-0.398254 -0.44559 0.0)
(-0.37261 -0.416893 0.0)
(-0.356631 -0.399011 0.0)
(-0.346862 -0.388079 0.0)
(-0.34096 -0.381474 0.0)
(-0.337419 -0.377511 0.0)
(-0.335303 -0.375144 0.0)
(-0.334042 -0.373733 0.0)
(-0.333292 -0.372893 0.0)
(-0.332845 -0.372393 0.0)
(-1.0976 -1.54692 0.0)
(-1.09721 -1.54638 0.0)
(-1.09656 -1.54546 0.0)
(-1.09547 -1.54392 0.0)
(-1.09363 -1.54133 0.0)
(-1.09056 -1.537 0.0)
(-1.08544 -1.52979 0.0)
(-1.07698 -1.51786 0.0)
(-1.06317 -1.49839 0.0)
(-1.04104 -1.4672 0.0)
(-1.00667 -1.41876 0.0)
(-0.955741 -1.34698 0.0)
(-0.885196 -1.24755 0.0)
(-0.795893 -1.12168 0.0)
(-0.694652 -0.978985 0.0)
(-0.593134 -0.835901 0.0)
(-0.503177 -0.70911 0.0)
(-0.431944 -0.60871 0.0)
(-0.380515 -0.536224 0.0)
(-0.345859 -0.487378 0.0)
(-0.32359 -0.45599 0.0)
(-0.309713 -0.436431 0.0)
(-0.30123 -0.424475 0.0)
(-0.296104 -0.417251 0.0)
(-0.293029 -0.412916 0.0)
(-0.291192 -0.410327 0.0)
(-0.290097 -0.408783 0.0)
(-0.289445 -0.407865 0.0)
(-0.289058 -0.407319 0.0)
(-0.917499 -1.66009 0.0)
(-0.917175 -1.6595 0.0)
(-0.91663 -1.65852 0.0)
(-0.915715 -1.65686 0.0)
(-0.91418 -1.65408 0.0)
(-0.911613 -1.64944 0.0)
(-0.907336 -1.6417 0.0)
(-0.900265 -1.6289 0.0)
(-0.888715 -1.60801 0.0)
(-0.870217 -1.57453 0.0)
(-0.841488 -1.52255 0.0)
(-0.798918 -1.44552 0.0)
(-0.739949 -1.33881 0.0)
(-0.6653 -1.20374 0.0)
(-0.580673 -1.05061 0.0)
(-0.495814 -0.897055 0.0)
(-0.420618 -0.76099 0.0)
(-0.361074 -0.653245 0.0)
(-0.318084 -0.575456 0.0)
(-0.289116 -0.523038 0.0)
(-0.270501 -0.489354 0.0)
(-0.258901 -0.468364 0.0)
(-0.25181 -0.455533 0.0)
(-0.247525 -0.447781 0.0)
(-0.244955 -0.443129 0.0)
(-0.243419 -0.44035 0.0)
(-0.242504 -0.438694 0.0)
(-0.241959 -0.437708 0.0)
(-0.241635 -0.437122 0.0)
(-0.725859 -1.75238 0.0)
(-0.725603 -1.75176 0.0)
(-0.725172 -1.75072 0.0)
(-0.724448 -1.74897 0.0)
(-0.723234 -1.74604 0.0)
(-0.721203 -1.74114 0.0)
(-0.717819 -1.73297 0.0)
(-0.712225 -1.71946 0.0)
(-0.703088 -1.6974 0.0)
(-0.688454 -1.66207 0.0)
(-0.665726 -1.60719 0.0)
(-0.632048 -1.52588 0.0)
(-0.585397 -1.41325 0.0)
(-0.526341 -1.27066 0.0)
(-0.459391 -1.10902 0.0)
(-0.392258 -0.946929 0.0)
(-0.33277 -0.8033 0.0)
(-0.285663 -0.689565 0.0)
(-0.251654 -0.607452 0.0)
(-0.228736 -0.55212 0.0)
(-0.21401 -0.516564 0.0)
(-0.204833 -0.494407 0.0)
(-0.199223 -0.480863 0.0)
(-0.195834 -0.472679 0.0)
(-0.1938 -0.467769 0.0)
(-0.192585 -0.464836 0.0)
(-0.191861 -0.463087 0.0)
(-0.19143 -0.462047 0.0)
(-0.191174 -0.461428 0.0)
(-0.525091 -1.82263 0.0)
(-0.524906 -1.82199 0.0)
(-0.524594 -1.8209 0.0)
(-0.52407 -1.81909 0.0)
(-0.523192 -1.81604 0.0)
(-0.521722 -1.81094 0.0)
(-0.519275 -1.80244 0.0)
(-0.515228 -1.78839 0.0)
(-0.508619 -1.76545 0.0)
(-0.498032 -1.7287 0.0)
(-0.481592 -1.67162 0.0)
(-0.45723 -1.58705 0.0)
(-0.423483 -1.4699 0.0)
(-0.380763 -1.3216 0.0)
(-0.332332 -1.15348 0.0)
(-0.283769 -0.984893 0.0)
(-0.240736 -0.835507 0.0)
(-0.20666 -0.717214 0.0)
(-0.182058 -0.631809 0.0)
(-0.16548 -0.574259 0.0)
(-0.154827 -0.537277 0.0)
(-0.148189 -0.514232 0.0)
(-0.144131 -0.500145 0.0)
(-0.141679 -0.491634 0.0)
(-0.140208 -0.486527 0.0)
(-0.139329 -0.483476 0.0)
(-0.138805 -0.481657 0.0)
(-0.138493 -0.480575 0.0)
(-0.138308 -0.479931 0.0)
(-0.317719 -1.86996 0.0)
(-0.317607 -1.8693 0.0)
(-0.317419 -1.86819 0.0)
(-0.317102 -1.86633 0.0)
(-0.31657 -1.8632 0.0)
(-0.315681 -1.85796 0.0)
(-0.314201 -1.84925 0.0)
(-0.311752 -1.83483 0.0)
(-0.307753 -1.81129 0.0)
(-0.301348 -1.77359 0.0)
(-0.291401 -1.71503 0.0)
(-0.276661 -1.62827 0.0)
(-0.256243 -1.50807 0.0)
(-0.230396 -1.35592 0.0)
(-0.201094 -1.18343 0.0)
(-0.171712 -1.01047 0.0)
(-0.145676 -0.857207 0.0)
(-0.125059 -0.735843 0.0)
(-0.110174 -0.64822 0.0)
(-0.100143 -0.589176 0.0)
(-0.0936977 -0.551234 0.0)
(-0.0896813 -0.527591 0.0)
(-0.0872261 -0.513138 0.0)
(-0.0857426 -0.504405 0.0)
(-0.0848526 -0.499166 0.0)
(-0.0843208 -0.496035 0.0)
(-0.0840038 -0.49417 0.0)
(-0.0838152 -0.493059 0.0)
(-0.0837031 -0.492399 0.0)
(-0.106352 -1.89378 0.0)
(-0.106315 -1.89311 0.0)
(-0.106252 -1.89198 0.0)
(-0.106146 -1.8901 0.0)
(-0.105968 -1.88693 0.0)
(-0.10567 -1.88163 0.0)
(-0.105175 -1.8728 0.0)
(-0.104356 -1.8582 0.0)
(-0.103018 -1.83436 0.0)
(-0.100874 -1.79618 0.0)
(-0.0975457 -1.73688 0.0)
(-0.0926134 -1.64901 0.0)
(-0.0857811 -1.52728 0.0)
(-0.0771322 -1.37319 0.0)
(-0.0673271 -1.19851 0.0)
(-0.0574952 -1.02334 0.0)
(-0.0487829 -0.868128 0.0)
(-0.0418839 -0.745218 0.0)
(-0.0369031 -0.65648 0.0)
(-0.0335467 -0.596684 0.0)
(-0.0313899 -0.558258 0.0)
(-0.030046 -0.534315 0.0)
(-0.0292244 -0.519678 0.0)
(-0.028728 -0.510834 0.0)
(-0.0284302 -0.505528 0.0)
(-0.0282522 -0.502357 0.0)
(-0.0281462 -0.500468 0.0)
(-0.028083 -0.499343 0.0)
(-0.0280455 -0.498675 0.0)
(0.106352 -1.89378 0.0)
(0.106314 -1.89311 0.0)
(0.106251 -1.89198 0.0)
(0.106145 -1.8901 0.0)
(0.105967 -1.88693 0.0)
(0.105669 -1.88163 0.0)
(0.105173 -1.8728 0.0)
(0.104353 -1.8582 0.0)
(0.103014 -1.83436 0.0)
(0.100868 -1.79618 0.0)
(0.0975361 -1.73688 0.0)
(0.0925988 -1.64901 0.0)
(0.0857596 -1.52728 0.0)
(0.0771017 -1.3732 0.0)
(0.0672865 -1.19851 0.0)
(0.0574445 -1.02335 0.0)
(0.0487233 -0.868131 0.0)
(0.0418173 -0.745222 0.0)
(0.0368313 -0.656484 0.0)
(0.0334715 -0.596688 0.0)
(0.0313125 -0.558263 0.0)
(0.0299672 -0.534319 0.0)
(0.0291448 -0.519682 0.0)
(0.0286479 -0.510838 0.0)
(0.0283497 -0.505532 0.0)
(0.0281716 -0.502362 0.0)
(0.0280654 -0.500472 0.0)
(0.0280022 -0.499348 0.0)
(0.0279647 -0.498679 0.0)
(0.317719 -1.86996 0.0)
(0.317607 -1.8693 0.0)
(0.317418 -1.86819 0.0)
(0.317101 -1.86633 0.0)
(0.31657 -1.8632 0.0)
(0.31568 -1.85796 0.0)
(0.314199 -1.84925 0.0)
(0.31175 -1.83484 0.0)
(0.307749 -1.81129 0.0)
(0.301342 -1.77359 0.0)
(0.291391 -1.71504 0.0)
(0.276647 -1.62827 0.0)
(0.256222 -1.50808 0.0)
(0.230366 -1.35593 0.0)
(0.201054 -1.18344 0.0)
(0.171662 -1.01048 0.0)
(0.145617 -0.857217 0.0)
(0.124993 -0.735854 0.0)
(0.110103 -0.648232 0.0)
(0.100069 -0.589188 0.0)
(0.0936212 -0.551247 0.0)
(0.0896035 -0.527604 0.0)
(0.0871474 -0.513151 0.0)
(0.0856635 -0.504419 0.0)
(0.0847731 -0.499179 0.0)
(0.0842411 -0.496049 0.0)
(0.0839241 -0.494183 0.0)
(0.0837354 -0.493073 0.0)
(0.0836232 -0.492413 0.0)
(0.52509 -1.82263 0.0)
(0.524905 -1.82199 0.0)
(0.524593 -1.82091 0.0)
(0.52407 -1.81909 0.0)
(0.523191 -1.81604 0.0)
(0.521721 -1.81094 0.0)
(0.519273 -1.80244 0.0)
(0.515226 -1.78839 0.0)
(0.508615 -1.76545 0.0)
(0.498026 -1.7287 0.0)
(0.481582 -1.67163 0.0)
(0.457216 -1.58706 0.0)
(0.423462 -1.46991 0.0)
(0.380734 -1.32161 0.0)
(0.332293 -1.15349 0.0)
(0.28372 -0.984907 0.0)
(0.240679 -0.835523 0.0)
(0.206596 -0.717232 0.0)
(0.181989 -0.631829 0.0)
(0.165408 -0.57428 0.0)
(0.154753 -0.537298 0.0)
(0.148113 -0.514254 0.0)
(0.144054 -0.500167 0.0)
(0.141602 -0.491656 0.0)
(0.14013 -0.486549 0.0)
(0.139251 -0.483498 0.0)
(0.138727 -0.481679 0.0)
(0.138416 -0.480597 0.0)
(0.13823 -0.479954 0.0)
(0.725859 -1.75238 0.0)
(0.725602 -1.75176 0.0)
(0.725171 -1.75072 0.0)
(0.724447 -1.74897 0.0)
(0.723233 -1.74604 0.0)
(0.721201 -1.74114 0.0)
(0.717817 -1.73297 0.0)
(0.712223 -1.71946 0.0)
(0.703085 -1.6974 0.0)
(0.688448 -1.66207 0.0)
(0.665717 -1.6072 0.0)
(0.632035 -1.52589 0.0)
(0.585377 -1.41325 0.0)
(0.526313 -1.27067 0.0)
(0.459354 -1.10903 0.0)
(0.392211 -0.946948 0.0)
(0.332715 -0.803322 0.0)
(0.285602 -0.689591 0.0)
(0.251587 -0.60748 0.0)
(0.228667 -0.552149 0.0)
(0.213938 -0.516593 0.0)
(0.20476 -0.494437 0.0)
(0.199149 -0.480893 0.0)
(0.195759 -0.47271 0.0)
(0.193726 -0.4678 0.0)
(0.19251 -0.464867 0.0)
(0.191786 -0.463118 0.0)
(0.191355 -0.462078 0.0)
(0.191099 -0.461459 0.0)
(0.917498 -1.66009 0.0)
(0.917174 -1.6595 0.0)
(0.91663 -1.65852 0.0)
(0.915715 -1.65686 0.0)
(0.91418 -1.65408 0.0)
(0.911611 -1.64944 0.0)
(0.907334 -1.6417 0.0)
(0.900263 -1.62891 0.0)
(0.888712 -1.60801 0.0)
(0.870211 -1.57454 0.0)
(0.84148 -1.52255 0.0)
(0.798905 -1.44553 0.0)
(0.73993 -1.33883 0.0)
(0.665273 -1.20375 0.0)
(0.580637 -1.05063 0.0)
(0.495769 -0.89708 0.0)
(0.420566 -0.761019 0.0)
(0.361015 -0.653277 0.0)
(0.318022 -0.575491 0.0)
(0.28905 -0.523074 0.0)
(0.270433 -0.489391 0.0)
(0.258832 -0.468402 0.0)
(0.25174 -0.455572 0.0)
(0.247455 -0.44782 0.0)
(0.244884 -0.443168 0.0)
(0.243348 -0.440389 0.0)
(0.242433 -0.438733 0.0)
(0.241888 -0.437747 0.0)
(0.241564 -0.437161 0.0)
(1.0976 -1.54692 0.0)
(1.09721 -1.54638 0.0)
(1.09656 -1.54546 0.0)
(1.09547 -1.54392 0.0)
(1.09363 -1.54133 0.0)
(1.09056 -1.537 0.0)
(1.08544 -1.52979 0.0)
(1.07698 -1.51787 0.0)
(1.06316 -1.49839 0.0)
(1.04103 -1.4672 0.0)
(1.00666 -1.41876 0.0)
(0.955729 -1.34699 0.0)
(0.885178 -1.24756 0.0)
(0.795868 -1.1217 0.0)
(0.694619 -0.979009 0.0)
(0.593093 -0.83593 0.0)
(0.503128 -0.709145 0.0)
(0.431889 -0.608749 0.0)
(0.380456 -0.536265 0.0)
(0.345798 -0.487422 0.0)
(0.323527 -0.456035 0.0)
(0.309649 -0.436477 0.0)
(0.301165 -0.424521 0.0)
(0.296039 -0.417297 0.0)
(0.292964 -0.412963 0.0)
(0.291126 -0.410374 0.0)
(0.290031 -0.40883 0.0)
(0.289379 -0.407912 0.0)
(0.288992 -0.407366 0.0)
(1.2639 -1.4143 0.0)
(1.26345 -1.41381 0.0)
(1.2627 -1.41297 0.0)
(1.26144 -1.41156 0.0)
(1.25933 -1.40919 0.0)
(1.25579 -1.40523 0.0)
(1.2499 -1.39864 0.0)
(1.24016 -1.38774 0.0)
(1.22425 -1.36993 0.0)
(1.19876 -1.34142 0.0)
(1.15918 -1.29713 0.0)
(1.10054 -1.23151 0.0)
(1.0193 -1.14061 0.0)
(0.916454 -1.02554 0.0)
(0.799866 -0.895081 0.0)
(0.682958 -0.764269 0.0)
(0.579364 -0.648354 0.0)
(0.497332 -0.556565 0.0)
(0.438107 -0.490296 0.0)
(0.398198 -0.44564 0.0)
(0.372552 -0.416944 0.0)
(0.356572 -0.399063 0.0)
(0.346803 -0.388132 0.0)
(0.3409 -0.381528 0.0)
(0.337359 -0.377565 0.0)
(0.335243 -0.375198 0.0)
(0.333982 -0.373787 0.0)
(0.333231 -0.372947 0.0)
(0.332785 -0.372447 0.0)
(-1.2639 1.4143 0.0)
(-1.26345 1.41381 0.0)
(-1.2627 1.41297 0.0)
(-1.26144 1.41156 0.0)
(-1.25933 1.40919 0.0)
(-1.25579 1.40523 0.0)
(-1.2499 1.39864 0.0)
(-1.24016 1.38774 0.0)
(-1.22425 1.36993 0.0)
(-1.19876 1.34142 0.0)
(-1.15918 1.29713 0.0)
(-1.10054 1.23151 0.0)
(-1.0193 1.14061 0.0)
(-0.916455 1.02554 0.0)
(-0.799867 0.89508 0.0)
(-0.68296 0.764268 0.0)
(-0.579366 0.648352 0.0)
(-0.497334 0.556563 0.0)
(-0.438109 0.490294 0.0)
(-0.3982 0.445638 0.0)
(-0.372554 0.416943 0.0)
(-0.356574 0.399061 0.0)
(-0.346805 0.38813 0.0)
(-0.340903 0.381526 0.0)
(-0.337361 0.377563 0.0)
(-0.335245 0.375196 0.0)
(-0.333984 0.373785 0.0)
(-0.333234 0.372945 0.0)
(-0.332787 0.372446 0.0)
(-1.0976 1.54692 0.0)
(-1.09721 1.54638 0.0)
(-1.09656 1.54546 0.0)
(-1.09547 1.54392 0.0)
(-1.09363 1.54133 0.0)
(-1.09056 1.537 0.0)
(-1.08544 1.52979 0.0)
(-1.07698 1.51787 0.0)
(-1.06316 1.49839 0.0)
(-1.04103 1.4672 0.0)
(-1.00666 1.41876 0.0)
(-0.955731 1.34699 0.0)
(-0.88518 1.24756 0.0)
(-0.795871 1.1217 0.0)
(-0.694622 0.979006 0.0)
(-0.593097 0.835927 0.0)
(-0.503134 0.709141 0.0)
(-0.431895 0.608745 0.0)
(-0.380463 0.536261 0.0)
(-0.345805 0.487417 0.0)
(-0.323533 0.45603 0.0)
(-0.309656 0.436472 0.0)
(-0.301172 0.424516 0.0)
(-0.296046 0.417292 0.0)
(-0.292971 0.412958 0.0)
(-0.291133 0.410369 0.0)
(-0.290038 0.408825 0.0)
(-0.289386 0.407907 0.0)
(-0.288999 0.407361 0.0)
(-0.917498 1.66009 0.0)
(-0.917175 1.6595 0.0)
(-0.91663 1.65852 0.0)
(-0.915715 1.65686 0.0)
(-0.91418 1.65408 0.0)
(-0.911612 1.64944 0.0)
(-0.907335 1.6417 0.0)
(-0.900263 1.62891 0.0)
(-0.888713 1.60801 0.0)
(-0.870212 1.57453 0.0)
(-0.841481 1.52255 0.0)
(-0.798908 1.44552 0.0)
(-0.739934 1.33882 0.0)
(-0.665278 1.20375 0.0)
(-0.580644 1.05062 0.0)
(-0.495777 0.897075 0.0)
(-0.420576 0.761014 0.0)
(-0.361026 0.653272 0.0)
(-0.318033 0.575485 0.0)
(-0.289062 0.523068 0.0)
(-0.270445 0.489385 0.0)
(-0.258844 0.468396 0.0)
(-0.251753 0.455565 0.0)
(-0.247468 0.447813 0.0)
(-0.244897 0.443161 0.0)
(-0.243361 0.440382 0.0)
(-0.242446 0.438726 0.0)
(-0.241901 0.43774 0.0)
(-0.241577 0.437154 0.0)
(-0.725859 1.75238 0.0)
(-0.725603 1.75176 0.0)
(-0.725172 1.75072 0.0)
(-0.724448 1.74897 0.0)
(-0.723233 1.74604 0.0)
(-0.721202 1.74114 0.0)
(-0.717818 1.73297 0.0)
(-0.712224 1.71946 0.0)
(-0.703086 1.6974 0.0)
(-0.688449 1.66207 0.0)
(-0.66572 1.6072 0.0)
(-0.632038 1.52588 0.0)
(-0.585382 1.41325 0.0)
(-0.52632 1.27067 0.0)
(-0.459363 1.10903 0.0)
(-0.392223 0.946943 0.0)
(-0.332729 0.803317 0.0)
(-0.285617 0.689585 0.0)
(-0.251604 0.607473 0.0)
(-0.228684 0.552142 0.0)
(-0.213956 0.516586 0.0)
(-0.204778 0.49443 0.0)
(-0.199168 0.480886 0.0)
(-0.195778 0.472703 0.0)
(-0.193744 0.467793 0.0)
(-0.192529 0.464859 0.0)
(-0.191805 0.463111 0.0)
(-0.191374 0.46207 0.0)
(-0.191118 0.461451 0.0)
(-0.525091 1.82263 0.0)
(-0.524905 1.82199 0.0)
(-0.524594 1.82091 0.0)
(-0.52407 1.81909 0.0)
(-0.523191 1.81604 0.0)
(-0.521722 1.81094 0.0)
(-0.519274 1.80244 0.0)
(-0.515227 1.78839 0.0)
(-0.508616 1.76545 0.0)
(-0.498028 1.7287 0.0)
(-0.481586 1.67163 0.0)
(-0.45722 1.58706 0.0)
(-0.423469 1.46991 0.0)
(-0.380743 1.32161 0.0)
(-0.332306 1.15349 0.0)
(-0.283736 0.984903 0.0)
(-0.240698 0.835518 0.0)
(-0.206617 0.717226 0.0)
(-0.182012 0.631823 0.0)
(-0.165431 0.574273 0.0)
(-0.154777 0.537292 0.0)
(-0.148137 0.514247 0.0)
(-0.144079 0.50016 0.0)
(-0.141627 0.491649 0.0)
(-0.140155 0.486542 0.0)
(-0.139276 0.483491 0.0)
(-0.138752 0.481672 0.0)
(-0.138441 0.48059 0.0)
(-0.138255 0.479947 0.0)
(-0.317719 1.86996 0.0)
(-0.317607 1.8693 0.0)
(-0.317418 1.86819 0.0)
(-0.317101 1.86633 0.0)
(-0.31657 1.8632 0.0)
(-0.315681 1.85796 0.0)
(-0.3142 1.84925 0.0)
(-0.311751 1.83484 0.0)
(-0.307751 1.81129 0.0)
(-0.301344 1.77359 0.0)
(-0.291395 1.71504 0.0)
(-0.276652 1.62827 0.0)
(-0.25623 1.50808 0.0)
(-0.230378 1.35593 0.0)
(-0.20107 1.18344 0.0)
(-0.171682 1.01048 0.0)
(-0.14564 0.857213 0.0)
(-0.125019 0.735849 0.0)
(-0.110131 0.648228 0.0)
(-0.100098 0.589184 0.0)
(-0.0936513 0.551242 0.0)
(-0.0896341 0.527599 0.0)
(-0.0871784 0.513146 0.0)
(-0.0856946 0.504414 0.0)
(-0.0848044 0.499174 0.0)
(-0.0842724 0.496044 0.0)
(-0.0839554 0.494178 0.0)
(-0.0837668 0.493068 0.0)
(-0.0836546 0.492407 0.0)
(-0.106352 1.89378 0.0)
(-0.106315 1.89311 0.0)
(-0.106251 1.89198 0.0)
(-0.106145 1.8901 0.0)
(-0.105967 1.88693 0.0)
(-0.10567 1.88163 0.0)
(-0.105174 1.8728 0.0)
(-0.104354 1.8582 0.0)
(-0.103015 1.83436 0.0)
(-0.100871 1.79618 0.0)
(-0.0975406 1.73688 0.0)
(-0.0926056 1.64901 0.0)
(-0.0857696 1.52728 0.0)
(-0.0771159 1.3732 0.0)
(-0.0673054 1.19851 0.0)
(-0.057468 1.02335 0.0)
(-0.048751 0.86813 0.0)
(-0.0418482 0.74522 0.0)
(-0.0368647 0.656482 0.0)
(-0.0335065 0.596686 0.0)
(-0.0313485 0.558261 0.0)
(-0.0300038 0.534317 0.0)
(-0.0291817 0.51968 0.0)
(-0.0286851 0.510836 0.0)
(-0.0283871 0.50553 0.0)
(-0.028209 0.50236 0.0)
(-0.0281029 0.50047 0.0)
(-0.0280398 0.499346 0.0)
(-0.0280022 0.498677 0.0)
(0.106352 1.89378 0.0)
(0.106315 1.89311 0.0)
(0.106251 1.89198 0.0)
(0.106145 1.8901 0.0)
(0.105967 1.88693 0.0)
(0.10567 1.88163 0.0)
(0.105174 1.8728 0.0)
(0.104354 1.8582 0.0)
(0.103015 1.83436 0.0)
(0.100871 1.79618 0.0)
(0.0975406 1.73688 0.0)
(0.0926056 1.64901 0.0)
(0.0857696 1.52728 0.0)
(0.0771159 1.3732 0.0)
(0.0673054 1.19851 0.0)
(0.0574681 1.02335 0.0)
(0.048751 0.86813 0.0)
(0.0418483 0.74522 0.0)
(0.0368647 0.656482 0.0)
(0.0335065 0.596686 0.0)
(0.0313485 0.558261 0.0)
(0.0300038 0.534317 0.0)
(0.0291818 0.51968 0.0)
(0.0286851 0.510836 0.0)
(0.0283871 0.50553 0.0)
(0.028209 0.50236 0.0)
(0.0281029 0.50047 0.0)
(0.0280398 0.499346 0.0)
(0.0280022 0.498677 0.0)
(0.317719 1.86996 0.0)
(0.317607 1.8693 0.0)
(0.317418 1.86819 0.0)
(0.317102 1.86633 0.0)
(0.31657 1.8632 0.0)
(0.315681 1.85796 0.0)
(0.3142 1.84925 0.0)
(0.311751 1.83484 0.0)
(0.307751 1.81129 0.0)
(0.301344 1.77359 0.0)
(0.291395 1.71504 0.0)
(0.276652 1.62827 0.0)
(0.25623 1.50808 0.0)
(0.230378 1.35593 0.0)
(0.20107 1.18344 0.0)
(0.171682 1.01048 0.0)
(0.14564 0.857213 0.0)
(0.125019 0.735849 0.0)
(0.110131 0.648228 0.0)
(0.100098 0.589184 0.0)
(0.0936513 0.551242 0.0)
(0.0896341 0.527599 0.0)
(0.0871784 0.513146 0.0)
(0.0856946 0.504414 0.0)
(0.0848044 0.499174 0.0)
(0.0842725 0.496044 0.0)
(0.0839554 0.494178 0.0)
(0.0837668 0.493068 0.0)
(0.0836546 0.492407 0.0)
(0.525091 1.82263 0.0)
(0.524905 1.82199 0.0)
(0.524594 1.82091 0.0)
(0.52407 1.81909 0.0)
(0.523191 1.81604 0.0)
(0.521722 1.81094 0.0)
(0.519274 1.80244 0.0)
(0.515227 1.78839 0.0)
(0.508616 1.76545 0.0)
(0.498028 1.7287 0.0)
(0.481585 1.67163 0.0)
(0.45722 1.58706 0.0)
(0.423469 1.46991 0.0)
(0.380743 1.32161 0.0)
(0.332306 1.15349 0.0)
(0.283736 0.984903 0.0)
(0.240698 0.835518 0.0)
(0.206617 0.717226 0.0)
(0.182012 0.631823 0.0)
(0.165431 0.574273 0.0)
(0.154777 0.537292 0.0)
(0.148137 0.514247 0.0)
(0.144079 0.50016 0.0)
(0.141627 0.491649 0.0)
(0.140155 0.486542 0.0)
(0.139276 0.483491 0.0)
(0.138752 0.481672 0.0)
(0.138441 0.48059 0.0)
(0.138255 0.479947 0.0)
(0.725859 1.75238 0.0)
(0.725603 1.75176 0.0)
(0.725172 1.75072 0.0)
(0.724448 1.74897 0.0)
(0.723233 1.74604 0.0)
(0.721202 1.74114 0.0)
(0.717818 1.73297 0.0)
(0.712224 1.71946 0.0)
(0.703086 1.6974 0.0)
(0.688449 1.66207 0.0)
(0.66572 1.6072 0.0)
(0.632038 1.52589 0.0)
(0.585382 1.41325 0.0)
(0.52632 1.27067 0.0)
(0.459363 1.10903 0.0)
(0.392223 0.946943 0.0)
(0.332729 0.803317 0.0)
(0.285617 0.689585 0.0)
(0.251604 0.607473 0.0)
(0.228684 0.552142 0.0)
(0.213956 0.516586 0.0)
(0.204778 0.49443 0.0)
(0.199168 0.480886 0.0)
(0.195778 0.472703 0.0)
(0.193744 0.467793 0.0)
(0.192529 0.464859 0.0)
(0.191805 0.463111 0.0)
(0.191374 0.46207 0.0)
(0.191118 0.461451 0.0)
(0.917498 1.66009 0.0)
(0.917175 1.6595 0.0)
(0.91663 1.65852 0.0)
(0.915715 1.65686 0.0)
(0.91418 1.65408 0.0)
(0.911612 1.64944 0.0)
(0.907335 1.6417 0.0)
(0.900263 1.62891 0.0)
(0.888713 1.60801 0.0)
(0.870212 1.57453 0.0)
(0.841481 1.52255 0.0)
(0.798908 1.44552 0.0)
(0.739934 1.33882 0.0)
(0.665278 1.20375 0.0)
(0.580644 1.05062 0.0)
(0.495777 0.897075 0.0)
(0.420575 0.761014 0.0)
(0.361026 0.653272 0.0)
(0.318033 0.575485 0.0)
(0.289062 0.523068 0.0)
(0.270445 0.489385 0.0)
(0.258844 0.468396 0.0)
(0.251753 0.455565 0.0)
(0.247468 0.447813 0.0)
(0.244897 0.443161 0.0)
(0.243361 0.440382 0.0)
(0.242446 0.438726 0.0)
(0.241901 0.43774 0.0)
(0.241577 0.437154 0.0)
(1.0976 1.54692 0.0)
(1.09721 1.54638 0.0)
(1.09656 1.54546 0.0)
(1.09547 1.54392 0.0)
(1.09363 1.54133 0.0)
(1.09056 1.537 0.0)
(1.08544 1.52979 0.0)
(1.07698 1.51787 0.0)
(1.06316 1.49839 0.0)
(1.04103 1.4672 0.0)
(1.00666 1.41876 0.0)
(0.955731 1.34699 0.0)
(0.88518 1.24756 0.0)
(0.795871 1.1217 0.0)
(0.694622 0.979006 0.0)
(0.593097 0.835927 0.0)
(0.503134 0.709141 0.0)
(0.431895 0.608745 0.0)
(0.380463 0.536261 0.0)
(0.345805 0.487417 0.0)
(0.323533 0.45603 0.0)
(0.309656 0.436472 0.0)
(0.301172 0.424516 0.0)
(0.296046 0.417292 0.0)
(0.292971 0.412958 0.0)
(0.291133 0.410369 0.0)
(0.290038 0.408825 0.0)
(0.289386 0.407907 0.0)
(0.288999 0.407361 0.0)
(1.2639 1.4143 0.0)
(1.26345 1.41381 0.0)
(1.2627 1.41297 0.0)
(1.26144 1.41156 0.0)
(1.25933 1.40919 0.0)
(1.25579 1.40523 0.0)
(1.2499 1.39864 0.0)
(1.24016 1.38774 0.0)
(1.22425 1.36993 0.0)
(1.19876 1.34142 0.0)
(1.15918 1.29713 0.0)
(1.10054 1.23151 0.0)
(1.0193 1.14061 0.0)
(0.916455 1.02554 0.0)
(0.799867 0.89508 0.0)
(0.68296 0.764268 0.0)
(0.579366 0.648352 0.0)
(0.497334 0.556563 0.0)
(0.438109 0.490294 0.0)
(0.3982 0.445638 0.0)
(0.372554 0.416943 0.0)
(0.356574 0.399061 0.0)
(0.346805 0.38813 0.0)
(0.340903 0.381526 0.0)
(0.337361 0.377563 0.0)
(0.335245 0.375196 0.0)
(0.333984 0.373785 0.0)
(0.333234 0.372945 0.0)
(0.332787 0.372446 0.0)
(1.4143 -1.2639 0.0)
(1.4138 -1.26345 0.0)
(1.41297 -1.2627 0.0)
(1.41155 -1.26144 0.0)
(1.40919 -1.25933 0.0)
(1.40523 -1.25579 0.0)
(1.39864 -1.2499 0.0)
(1.38774 -1.24016 0.0)
(1.36993 -1.22425 0.0)
(1.34141 -1.19876 0.0)
(1.29713 -1.15919 0.0)
(1.2315 -1.10055 0.0)
(1.14059 -1.01931 0.0)
(1.02552 -0.916476 0.0)
(0.895054 -0.799895 0.0)
(0.764236 -0.682995 0.0)
(0.648315 -0.579407 0.0)
(0.556522 -0.49738 0.0)
(0.490249 -0.438159 0.0)
(0.445592 -0.398252 0.0)
(0.416894 -0.372608 0.0)
(0.399012 -0.356628 0.0)
(0.388081 -0.34686 0.0)
(0.381476 -0.340958 0.0)
(0.377513 -0.337417 0.0)
(0.375146 -0.335301 0.0)
(0.373734 -0.33404 0.0)
(0.372895 -0.333289 0.0)
(0.372395 -0.332843 0.0)
(1.54692 -1.0976 0.0)
(1.54638 -1.09721 0.0)
(1.54546 -1.09656 0.0)
(1.54392 -1.09547 0.0)
(1.54133 -1.09363 0.0)
(1.537 -1.09056 0.0)
(1.52979 -1.08544 0.0)
(1.51786 -1.07698 0.0)
(1.49839 -1.06317 0.0)
(1.4672 -1.04104 0.0)
(1.41876 -1.00667 0.0)
(1.34698 -0.95574 0.0)
(1.24755 -0.885194 0.0)
(1.12168 -0.79589 0.0)
(0.978987 -0.694648 0.0)
(0.835904 -0.59313 0.0)
(0.709114 -0.503172 0.0)
(0.608714 -0.431938 0.0)
(0.536228 -0.380509 0.0)
(0.487383 -0.345853 0.0)
(0.455995 -0.323583 0.0)
(0.436436 -0.309706 0.0)
(0.42448 -0.301223 0.0)
(0.417256 -0.296097 0.0)
(0.412921 -0.293022 0.0)
(0.410332 -0.291185 0.0)
(0.408788 -0.29009 0.0)
(0.40787 -0.289438 0.0)
(0.407323 -0.28905 0.0)
(1.66009 -0.917499 0.0)
(1.6595 -0.917175 0.0)
(1.65852 -0.91663 0.0)
(1.65686 -0.915715 0.0)
(1.65408 -0.91418 0.0)
(1.64944 -0.911613 0.0)
(1.6417 -0.907336 0.0)
(1.6289 -0.900265 0.0)
(1.60801 -0.888715 0.0)
(1.57453 -0.870216 0.0)
(1.52255 -0.841487 0.0)
(1.44552 -0.798916 0.0)
(1.33882 -0.739946 0.0)
(1.20374 -0.665296 0.0)
(1.05061 -0.580666 0.0)
(0.897059 -0.495806 0.0)
(0.760995 -0.420609 0.0)
(0.653251 -0.361063 0.0)
(0.575462 -0.318073 0.0)
(0.523044 -0.289104 0.0)
(0.48936 -0.270488 0.0)
(0.468371 -0.258888 0.0)
(0.45554 -0.251797 0.0)
(0.447787 -0.247513 0.0)
(0.443136 -0.244942 0.0)
(0.440357 -0.243406 0.0)
(0.438701 -0.242491 0.0)
(0.437715 -0.241946 0.0)
(0.437129 -0.241622 0.0)
(1.75238 -0.725859 0.0)
(1.75176 -0.725603 0.0)
(1.75072 -0.725172 0.0)
(1.74897 -0.724448 0.0)
(1.74604 -0.723234 0.0)
(1.74114 -0.721202 0.0)
(1.73297 -0.717819 0.0)
(1.71946 -0.712225 0.0)
(1.6974 -0.703088 0.0)
(1.66207 -0.688452 0.0)
(1.60719 -0.665724 0.0)
(1.52588 -0.632045 0.0)
(1.41325 -0.585392 0.0)
(1.27066 -0.526334 0.0)
(1.10902 -0.459382 0.0)
(0.946933 -0.392246 0.0)
(0.803305 -0.332756 0.0)
(0.689572 -0.285648 0.0)
(0.607459 -0.251637 0.0)
(0.552127 -0.228719 0.0)
(0.516571 -0.213992 0.0)
(0.494415 -0.204815 0.0)
(0.48087 -0.199205 0.0)
(0.472687 -0.195815 0.0)
(0.467777 -0.193781 0.0)
(0.464843 -0.192566 0.0)
(0.463095 -0.191842 0.0)
(0.462054 -0.191411 0.0)
(0.461436 -0.191155 0.0)
(1.82263 -0.525091 0.0)
(1.82199 -0.524906 0.0)
(1.8209 -0.524594 0.0)
(1.81909 -0.52407 0.0)
(1.81604 -0.523192 0.0)
(1.81094 -0.521722 0.0)
(1.80244 -0.519275 0.0)
(1.78839 -0.515228 0.0)
(1.76545 -0.508618 0.0)
(1.7287 -0.498031 0.0)
(1.67163 -0.481589 0.0)
(1.58705 -0.457225 0.0)
(1.4699 -0.423476 0.0)
(1.3216 -0.380754 0.0)
(1.15348 -0.33232 0.0)
(0.984897 -0.283754 0.0)
(0.835512 -0.240718 0.0)
(0.717219 -0.20664 0.0)
(0.631815 -0.182036 0.0)
(0.574265 -0.165457 0.0)
(0.537284 -0.154803 0.0)
(0.514239 -0.148164 0.0)
(0.500152 -0.144106 0.0)
(0.491641 -0.141654 0.0)
(0.486534 -0.140183 0.0)
(0.483483 -0.139304 0.0)
(0.481664 -0.13878 0.0)
(0.480582 -0.138468 0.0)
(0.479938 -0.138283 0.0)
(1.86996 -0.317719 0.0)
(1.8693 -0.317607 0.0)
(1.86819 -0.317418 0.0)
(1.86632 -0.317102 0.0)
(1.8632 -0.31657 0.0)
(1.85796 -0.315681 0.0)
(1.84925 -0.3142 0.0)
(1.83483 -0.311751 0.0)
(1.81129 -0.307752 0.0)
(1.77359 -0.301346 0.0)
(1.71503 -0.291397 0.0)
(1.62827 -0.276655 0.0)
(1.50808 -0.256235 0.0)
(1.35592 -0.230384 0.0)
(1.18344 -0.201078 0.0)
(1.01047 -0.171692 0.0)
(0.85721 -0.145652 0.0)
(0.735846 -0.125033 0.0)
(0.648224 -0.110146 0.0)
(0.58918 -0.100114 0.0)
(0.551238 -0.0936676 0.0)
(0.527595 -0.0896507 0.0)
(0.513143 -0.0871952 0.0)
(0.50441 -0.0857115 0.0)
(0.499171 -0.0848213 0.0)
(0.49604 -0.0842894 0.0)
(0.494174 -0.0839724 0.0)
(0.493064 -0.0837838 0.0)
(0.492404 -0.0836716 0.0)
(1.89378 -0.106352 0.0)
(1.89311 -0.106314 0.0)
(1.89198 -0.106251 0.0)
(1.89009 -0.106145 0.0)
(1.88693 -0.105967 0.0)
(1.88163 -0.10567 0.0)
(1.8728 -0.105174 0.0)
(1.8582 -0.104354 0.0)
(1.83436 -0.103016 0.0)
(1.79618 -0.100871 0.0)
(1.73688 -0.0975411 0.0)
(1.649 -0.0926065 0.0)
(1.52728 -0.085771 0.0)
(1.37319 -0.0771179 0.0)
(1.19851 -0.0673081 0.0)
(1.02334 -0.0574716 0.0)
(0.868129 -0.0487551 0.0)
(0.745219 -0.0418529 0.0)
(0.656481 -0.0368697 0.0)
(0.596685 -0.0335118 0.0)
(0.55826 -0.0313539 0.0)
(0.534316 -0.0300093 0.0)
(0.519679 -0.0291874 0.0)
(0.510836 -0.0286907 0.0)
(0.505529 -0.0283928 0.0)
(0.502359 -0.0282147 0.0)
(0.50047 -0.0281086 0.0)
(0.499345 -0.0280455 0.0)
(0.498677 -0.0280079 0.0)
(1.89378 0.106352 0.0)
(1.89311 0.106315 0.0)
(1.89198 0.106252 0.0)
(1.8901 0.106146 0.0)
(1.88693 0.105968 0.0)
(1.88163 0.10567 0.0)
(1.8728 0.105174 0.0)
(1.8582 0.104355 0.0)
(1.83436 0.103016 0.0)
(1.79618 0.100871 0.0)
(1.73688 0.0975413 0.0)
(1.64901 0.0926067 0.0)
(1.52728 0.0857712 0.0)
(1.3732 0.0771181 0.0)
(1.19851 0.0673083 0.0)
(1.02335 0.0574717 0.0)
(0.868129 0.0487552 0.0)
(0.745219 0.041853 0.0)
(0.656482 0.0368698 0.0)
(0.596686 0.0335118 0.0)
(0.55826 0.031354 0.0)
(0.534316 0.0300094 0.0)
(0.51968 0.0291874 0.0)
(0.510836 0.0286908 0.0)
(0.50553 0.0283928 0.0)
(0.502359 0.0282148 0.0)
(0.50047 0.0281087 0.0)
(0.499345 0.0280455 0.0)
(0.498677 0.028008 0.0)
(1.86996 0.317719 0.0)
(1.8693 0.317607 0.0)
(1.86819 0.317419 0.0)
(1.86633 0.317102 0.0)
(1.8632 0.31657 0.0)
(1.85796 0.315681 0.0)
(1.84925 0.3142 0.0)
(1.83483 0.311751 0.0)
(1.81129 0.307752 0.0)
(1.77359 0.301346 0.0)
(1.71504 0.291397 0.0)
(1.62827 0.276656 0.0)
(1.50808 0.256235 0.0)
(1.35593 0.230384 0.0)
(1.18344 0.201078 0.0)
(1.01048 0.171692 0.0)
(0.857211 0.145652 0.0)
(0.735847 0.125033 0.0)
(0.648225 0.110146 0.0)
(0.589181 0.100114 0.0)
(0.551239 0.0936676 0.0)
(0.527596 0.0896507 0.0)
(0.513143 0.0871952 0.0)
(0.50441 0.0857115 0.0)
(0.499171 0.0848213 0.0)
(0.49604 0.0842895 0.0)
(0.494175 0.0839725 0.0)
(0.493064 0.0837838 0.0)
(0.492404 0.0836717 0.0)
(1.82263 0.525091 0.0)
(1.82199 0.524905 0.0)
(1.82091 0.524594 0.0)
(1.81909 0.52407 0.0)
(1.81604 0.523192 0.0)
(1.81094 0.521722 0.0)
(1.80244 0.519274 0.0)
(1.78839 0.515228 0.0)
(1.76545 0.508618 0.0)
(1.7287 0.49803 0.0)
(1.67163 0.481589 0.0)
(1.58705 0.457225 0.0)
(1.4699 0.423476 0.0)
(1.3216 0.380753 0.0)
(1.15348 0.33232 0.0)
(0.984898 0.283754 0.0)
(0.835512 0.240718 0.0)
(0.717219 0.20664 0.0)
(0.631815 0.182036 0.0)
(0.574265 0.165457 0.0)
(0.537284 0.154803 0.0)
(0.514239 0.148164 0.0)
(0.500152 0.144106 0.0)
(0.491641 0.141654 0.0)
(0.486534 0.140183 0.0)
(0.483483 0.139304 0.0)
(0.481664 0.13878 0.0)
(0.480582 0.138468 0.0)
(0.479938 0.138283 0.0)
(1.75238 0.725859 0.0)
(1.75176 0.725603 0.0)
(1.75072 0.725172 0.0)
(1.74897 0.724448 0.0)
(1.74604 0.723234 0.0)
(1.74114 0.721202 0.0)
(1.73297 0.717819 0.0)
(1.71946 0.712225 0.0)
(1.6974 0.703087 0.0)
(1.66207 0.688452 0.0)
(1.60719 0.665724 0.0)
(1.52588 0.632045 0.0)
(1.41325 0.585392 0.0)
(1.27066 0.526334 0.0)
(1.10902 0.459382 0.0)
(0.946933 0.392246 0.0)
(0.803305 0.332756 0.0)
(0.689572 0.285648 0.0)
(0.607459 0.251637 0.0)
(0.552127 0.228719 0.0)
(0.516571 0.213992 0.0)
(0.494415 0.204815 0.0)
(0.48087 0.199205 0.0)
(0.472687 0.195815 0.0)
(0.467777 0.193781 0.0)
(0.464843 0.192566 0.0)
(0.463095 0.191842 0.0)
(0.462054 0.191411 0.0)
(0.461436 0.191155 0.0)
(1.66009 0.917499 0.0)
(1.6595 0.917175 0.0)
(1.65852 0.91663 0.0)
(1.65686 0.915715 0.0)
(1.65408 0.91418 0.0)
(1.64944 0.911612 0.0)
(1.6417 0.907336 0.0)
(1.6289 0.900265 0.0)
(1.60801 0.888715 0.0)
(1.57453 0.870215 0.0)
(1.52255 0.841487 0.0)
(1.44552 0.798916 0.0)
(1.33882 0.739946 0.0)
(1.20374 0.665295 0.0)
(1.05061 0.580666 0.0)
(0.897059 0.495806 0.0)
(0.760995 0.420609 0.0)
(0.653251 0.361063 0.0)
(0.575462 0.318073 0.0)
(0.523044 0.289104 0.0)
(0.48936 0.270488 0.0)
(0.468371 0.258888 0.0)
(0.45554 0.251797 0.0)
(0.447788 0.247513 0.0)
(0.443136 0.244942 0.0)
(0.440357 0.243406 0.0)
(0.438701 0.242491 0.0)
(0.437715 0.241946 0.0)
(0.437129 0.241622 0.0)
(1.54692 1.0976 0.0)
(1.54638 1.09721 0.0)
(1.54546 1.09656 0.0)
(1.54392 1.09547 0.0)
(1.54133 1.09363 0.0)
(1.537 1.09056 0.0)
(1.52979 1.08544 0.0)
(1.51786 1.07698 0.0)
(1.49839 1.06317 0.0)
(1.4672 1.04104 0.0)
(1.41876 1.00667 0.0)
(1.34698 0.95574 0.0)
(1.24755 0.885194 0.0)
(1.12168 0.79589 0.0)
(0.978987 0.694648 0.0)
(0.835904 0.59313 0.0)
(0.709114 0.503172 0.0)
(0.608714 0.431938 0.0)
(0.536228 0.380508 0.0)
(0.487383 0.345853 0.0)
(0.455995 0.323583 0.0)
(0.436436 0.309706 0.0)
(0.42448 0.301223 0.0)
(0.417256 0.296097 0.0)
(0.412921 0.293022 0.0)
(0.410332 0.291185 0.0)
(0.408788 0.29009 0.0)
(0.40787 0.289438 0.0)
(0.407324 0.28905 0.0)
(1.4143 1.2639 0.0)
(1.41381 1.26345 0.0)
(1.41297 1.2627 0.0)
(1.41155 1.26144 0.0)
(1.40919 1.25933 0.0)
(1.40523 1.25579 0.0)
(1.39864 1.2499 0.0)
(1.38774 1.24016 0.0)
(1.36993 1.22425 0.0)
(1.34141 1.19876 0.0)
(1.29713 1.15919 0.0)
(1.2315 1.10055 0.0)
(1.14059 1.01931 0.0)
(1.02552 0.916476 0.0)
(0.895054 0.799895 0.0)
(0.764236 0.682995 0.0)
(0.648315 0.579407 0.0)
(0.556522 0.49738 0.0)
(0.49025 0.438158 0.0)
(0.445592 0.398252 0.0)
(0.416894 0.372608 0.0)
(0.399012 0.356628 0.0)
(0.388081 0.34686 0.0)
(0.381476 0.340958 0.0)
(0.377513 0.337417 0.0)
(0.375146 0.335301 0.0)
(0.373734 0.33404 0.0)
(0.372895 0.333289 0.0)
(0.372395 0.332843 0.0)
)