1624
(
0.103279
0.139872
0.115038
0.108283
0.105874
0.1043
0.10271
0.100641
0.0976346
0.0931418
0.0865254
0.0772127
0.0651148
0.0513681
0.0389804
0.0325288
0.0362847
0.0497736
0.067088
0.0829062
0.0952325
0.104093
0.110241
0.114573
0.117993
0.121777
0.130192
0.159133
0.117373
0.103279
0.139872
0.115038
0.108283
0.105874
0.104299
0.10271
0.10064
0.0976343
0.0931417
0.0865254
0.0772127
0.0651149
0.0513682
0.0389805
0.0325289
0.0362847
0.0497736
0.067088
0.0829062
0.0952325
0.104093
0.110242
0.114573
0.117993
0.121778
0.130192
0.159133
0.117373
0.103278
0.139871
0.115038
0.108283
0.105873
0.104299
0.102709
0.10064
0.0976341
0.0931415
0.0865253
0.0772127
0.065115
0.0513683
0.0389806
0.0325289
0.0362847
0.0497736
0.0670879
0.0829061
0.0952325
0.104093
0.110242
0.114574
0.117993
0.121778
0.130193
0.159133
0.117374
0.103278
0.139871
0.115037
0.108282
0.105873
0.104299
0.102709
0.10064
0.0976337
0.0931413
0.0865253
0.0772128
0.0651152
0.0513684
0.0389807
0.032529
0.0362847
0.0497735
0.0670878
0.082906
0.0952324
0.104093
0.110242
0.114574
0.117994
0.121778
0.130193
0.159134
0.117374
0.103279
0.139871
0.115038
0.108283
0.105874
0.104299
0.10271
0.100641
0.0976345
0.0931418
0.0865255
0.0772128
0.065115
0.0513682
0.0389805
0.0325289
0.0362847
0.0497737
0.067088
0.0829062
0.0952325
0.104093
0.110242
0.114573
0.117993
0.121778
0.130192
0.159133
0.117373
0.103279
0.139872
0.115039
0.108284
0.105874
0.1043
0.10271
0.100641
0.0976349
0.0931421
0.0865256
0.0772128
0.0651149
0.051368
0.0389804
0.0325288
0.0362847
0.0497738
0.0670882
0.0829063
0.0952325
0.104092
0.110241
0.114573
0.117993
0.121777
0.130192
0.159133
0.117373
0.103279
0.139872
0.115038
0.108284
0.105874
0.1043
0.10271
0.100641
0.097635
0.0931422
0.0865257
0.0772129
0.0651149
0.0513681
0.0389804
0.0325288
0.0362847
0.0497738
0.0670882
0.0829063
0.0952325
0.104092
0.110241
0.114573
0.117993
0.121777
0.130192
0.159133
0.117373
0.103279
0.139872
0.115038
0.108283
0.105874
0.1043
0.10271
0.100641
0.097635
0.0931422
0.0865258
0.0772129
0.065115
0.0513681
0.0389804
0.0325288
0.0362847
0.0497738
0.0670882
0.0829063
0.0952325
0.104092
0.110241
0.114573
0.117993
0.121777
0.130192
0.159133
0.117373
0.103279
0.139872
0.115038
0.108284
0.105874
0.1043
0.10271
0.100641
0.097635
0.0931422
0.0865257
0.0772129
0.065115
0.0513681
0.0389804
0.0325288
0.0362847
0.0497737
0.0670882
0.0829063
0.0952325
0.104092
0.110241
0.114573
0.117993
0.121777
0.130192
0.159133
0.117373
0.103279
0.139871
0.115038
0.108283
0.105874
0.104299
0.10271
0.100641
0.0976345
0.0931419
0.0865256
0.0772129
0.0651151
0.0513683
0.0389806
0.0325289
0.0362846
0.0497735
0.0670879
0.0829062
0.0952326
0.104093
0.110242
0.114574
0.117993
0.121778
0.130192
0.159133
0.117373
0.103278
0.139871
0.115037
0.108282
0.105873
0.104299
0.102709
0.10064
0.0976338
0.0931414
0.0865254
0.0772129
0.0651153
0.0513685
0.0389808
0.032529
0.0362845
0.0497733
0.0670876
0.0829059
0.0952325
0.104093
0.110242
0.114574
0.117994
0.121779
0.130193
0.159134
0.117374
0.103279
0.139871
0.115038
0.108283
0.105874
0.104299
0.102709
0.10064
0.0976342
0.0931416
0.0865253
0.0772128
0.0651151
0.0513684
0.0389807
0.032529
0.0362845
0.0497733
0.0670877
0.082906
0.0952325
0.104093
0.110242
0.114574
0.117993
0.121778
0.130193
0.159134
0.117374
0.103279
0.139872
0.115038
0.108283
0.105874
0.1043
0.10271
0.10064
0.0976344
0.0931417
0.0865254
0.0772128
0.0651151
0.0513684
0.0389807
0.0325289
0.0362844
0.0497732
0.0670876
0.082906
0.0952326
0.104093
0.110242
0.114574
0.117993
0.121778
0.130193
0.159134
0.117374
0.103279
0.139872
0.115038
0.108283
0.105874
0.1043
0.10271
0.100641
0.0976346
0.0931419
0.0865256
0.0772129
0.0651151
0.0513684
0.0389807
0.0325289
0.0362843
0.0497731
0.0670875
0.0829059
0.0952324
0.104093
0.110242
0.114574
0.117993
0.121778
0.130192
0.159133
0.117373
0.103279
0.139872
0.115038
0.108283
0.105874
0.1043
0.10271
0.100641
0.0976346
0.0931418
0.0865255
0.0772127
0.0651148
0.0513681
0.0389804
0.0325288
0.0362847
0.0497737
0.0670881
0.0829062
0.0952325
0.104093
0.110241
0.114573
0.117993
0.121777
0.130192
0.159133
0.117373
0.103279
0.139871
0.115038
0.108283
0.105874
0.104299
0.10271
0.10064
0.0976343
0.0931417
0.0865254
0.0772127
0.065115
0.0513682
0.0389805
0.0325289
0.0362847
0.0497736
0.067088
0.0829061
0.0952325
0.104093
0.110242
0.114573
0.117993
0.121778
0.130192
0.159133
0.117373
0.103278
0.139871
0.115038
0.108283
0.105873
0.104299
0.102709
0.10064
0.0976341
0.0931415
0.0865253
0.0772127
0.065115
0.0513682
0.0389806
0.0325289
0.0362847
0.0497735
0.0670879
0.082906
0.0952324
0.104093
0.110242
0.114574
0.117993
0.121778
0.130193
0.159133
0.117374
0.103278
0.13987
0.115037
0.108282
0.105873
0.104299
0.102709
0.10064
0.0976337
0.0931413
0.0865253
0.0772128
0.0651151
0.0513684
0.0389807
0.032529
0.0362846
0.0497734
0.0670877
0.0829059
0.0952324
0.104093
0.110242
0.114574
0.117994
0.121778
0.130193
0.159134
0.117374
0.103279
0.139871
0.115038
0.108283
0.105874
0.104299
0.10271
0.10064
0.0976344
0.0931417
0.0865255
0.0772128
0.0651149
0.0513682
0.0389805
0.0325289
0.0362847
0.0497736
0.067088
0.0829061
0.0952324
0.104093
0.110241
0.114573
0.117993
0.121778
0.130192
0.159133
0.117373
0.103279
0.139872
0.115038
0.108283
0.105874
0.1043
0.10271
0.100641
0.0976348
0.093142
0.0865256
0.0772128
0.0651149
0.051368
0.0389803
0.0325288
0.0362847
0.0497738
0.0670882
0.0829062
0.0952324
0.104092
0.110241
0.114573
0.117992
0.121777
0.130192
0.159132
0.117373
0.103279
0.139872
0.115038
0.108283
0.105874
0.1043
0.10271
0.100641
0.0976349
0.0931421
0.0865257
0.0772128
0.0651149
0.051368
0.0389803
0.0325288
0.0362847
0.0497738
0.0670882
0.0829062
0.0952324
0.104092
0.110241
0.114573
0.117992
0.121777
0.130192
0.159133
0.117373
0.103279
0.139872
0.115038
0.108283
0.105874
0.1043
0.10271
0.100641
0.0976349
0.0931421
0.0865257
0.0772128
0.0651149
0.051368
0.0389803
0.0325288
0.0362847
0.0497738
0.0670882
0.0829062
0.0952324
0.104092
0.110241
0.114573
0.117993
0.121777
0.130192
0.159133
0.117373
0.103279
0.139872
0.115038
0.108283
0.105874
0.1043
0.10271
0.100641
0.0976348
0.093142
0.0865256
0.0772128
0.0651149
0.051368
0.0389803
0.0325288
0.0362848
0.0497738
0.0670882
0.0829062
0.0952324
0.104092
0.110241
0.114573
0.117992
0.121777
0.130192
0.159132
0.117373
0.103279
0.139871
0.115038
0.108283
0.105873
0.104299
0.102709
0.10064
0.0976343
0.0931417
0.0865255
0.0772128
0.0651149
0.0513681
0.0389804
0.0325289
0.0362848
0.0497737
0.067088
0.0829061
0.0952324
0.104093
0.110241
0.114573
0.117993
0.121778
0.130192
0.159133
0.117373
0.103278
0.13987
0.115037
0.108282
0.105872
0.104298
0.102708
0.100639
0.0976336
0.0931413
0.0865253
0.0772129
0.0651151
0.0513683
0.0389806
0.032529
0.0362848
0.0497736
0.0670878
0.0829059
0.0952323
0.104093
0.110242
0.114574
0.117994
0.121778
0.130193
0.159134
0.117374
0.103279
0.139871
0.115037
0.108283
0.105873
0.104299
0.102709
0.10064
0.0976343
0.0931417
0.0865255
0.0772128
0.0651149
0.0513681
0.0389804
0.0325289
0.0362849
0.0497738
0.067088
0.0829061
0.0952324
0.104093
0.110241
0.114573
0.117993
0.121778
0.130192
0.159133
0.117374
0.103279
0.139872
0.115038
0.108283
0.105874
0.1043
0.10271
0.100641
0.097635
0.0931422
0.0865257
0.0772128
0.0651148
0.0513678
0.0389802
0.0325288
0.036285
0.0497741
0.0670883
0.0829063
0.0952325
0.104093
0.110241
0.114573
0.117993
0.121778
0.130192
0.159133
0.117373
0.103279
0.139872
0.115038
0.108283
0.105874
0.1043
0.10271
0.100641
0.097635
0.0931422
0.0865258
0.0772128
0.0651147
0.0513678
0.0389801
0.0325288
0.0362851
0.0497743
0.0670886
0.0829066
0.0952326
0.104093
0.110241
0.114573
0.117992
0.121777
0.130192
0.159133
0.117373
0.103279
0.139872
0.115038
0.108283
0.105874
0.1043
0.10271
0.100641
0.0976347
0.093142
0.0865257
0.077213
0.0651152
0.0513685
0.0389808
0.0325289
0.0362842
0.0497728
0.0670871
0.0829055
0.0952321
0.104092
0.110241
0.114574
0.117993
0.121778
0.130193
0.159134
0.117374
0.103279
0.139871
0.115038
0.108283
0.105874
0.104299
0.10271
0.10064
0.0976344
0.0931418
0.0865256
0.0772131
0.0651154
0.0513687
0.0389809
0.0325289
0.0362841
0.0497725
0.0670868
0.0829052
0.095232
0.104092
0.110242
0.114574
0.117994
0.121778
0.130193
0.159134
0.117374
0.103278
0.139871
0.115038
0.108283
0.105873
0.104299
0.102709
0.10064
0.0976342
0.0931417
0.0865255
0.0772131
0.0651155
0.0513688
0.038981
0.032529
0.036284
0.0497723
0.0670866
0.082905
0.0952319
0.104092
0.110242
0.114574
0.117994
0.121779
0.130193
0.159135
0.117374
0.103278
0.13987
0.115037
0.108282
0.105873
0.104299
0.102709
0.10064
0.0976337
0.0931414
0.0865255
0.0772132
0.0651156
0.051369
0.0389812
0.032529
0.0362839
0.0497721
0.0670863
0.0829048
0.0952318
0.104093
0.110242
0.114574
0.117994
0.121779
0.130194
0.159135
0.117375
0.103279
0.139871
0.115038
0.108283
0.105874
0.104299
0.10271
0.10064
0.0976344
0.0931419
0.0865257
0.0772131
0.0651155
0.0513688
0.038981
0.0325289
0.0362839
0.0497722
0.0670865
0.082905
0.0952318
0.104092
0.110242
0.114574
0.117994
0.121779
0.130193
0.159134
0.117374
0.103279
0.139872
0.115038
0.108283
0.105874
0.1043
0.10271
0.100641
0.0976349
0.0931422
0.0865258
0.0772132
0.0651154
0.0513687
0.0389809
0.0325288
0.0362839
0.0497723
0.0670867
0.0829051
0.0952318
0.104092
0.110241
0.114573
0.117993
0.121778
0.130193
0.159134
0.117374
0.103279
0.139872
0.115038
0.108283
0.105874
0.1043
0.10271
0.100641
0.0976349
0.0931422
0.0865259
0.0772132
0.0651155
0.0513687
0.0389809
0.0325288
0.0362839
0.0497723
0.0670867
0.0829051
0.0952318
0.104092
0.110241
0.114573
0.117993
0.121778
0.130193
0.159134
0.117374
0.103279
0.139872
0.115038
0.108283
0.105874
0.1043
0.10271
0.100641
0.0976349
0.0931422
0.0865259
0.0772132
0.0651154
0.0513687
0.0389809
0.0325288
0.0362839
0.0497724
0.0670867
0.0829051
0.0952318
0.104092
0.110241
0.114573
0.117993
0.121778
0.130193
0.159134
0.117374
0.103279
0.139872
0.115038
0.108283
0.105874
0.1043
0.10271
0.100641
0.0976349
0.0931422
0.0865258
0.0772131
0.0651154
0.0513687
0.0389809
0.0325288
0.0362839
0.0497724
0.0670867
0.0829051
0.0952318
0.104092
0.110241
0.114573
0.117993
0.121778
0.130193
0.159134
0.117374
0.103279
0.139871
0.115038
0.108283
0.105873
0.104299
0.10271
0.10064
0.0976344
0.0931418
0.0865257
0.0772131
0.0651155
0.0513688
0.038981
0.0325289
0.036284
0.0497723
0.0670866
0.082905
0.0952318
0.104092
0.110242
0.114574
0.117994
0.121778
0.130193
0.159134
0.117374
0.103278
0.13987
0.115037
0.108282
0.105873
0.104299
0.102709
0.10064
0.0976337
0.0931413
0.0865254
0.0772131
0.0651156
0.0513689
0.0389811
0.032529
0.036284
0.0497723
0.0670864
0.0829048
0.0952317
0.104092
0.110242
0.114574
0.117994
0.121779
0.130194
0.159135
0.117375
0.103278
0.139871
0.115037
0.108283
0.105873
0.104299
0.102709
0.10064
0.0976341
0.0931416
0.0865255
0.077213
0.0651153
0.0513686
0.0389809
0.0325289
0.0362842
0.0497726
0.0670868
0.0829051
0.0952318
0.104092
0.110242
0.114574
0.117994
0.121778
0.130193
0.159134
0.117374
0.103279
0.139871
0.115038
0.108283
0.105874
0.104299
0.10271
0.10064
0.0976343
0.0931417
0.0865255
0.0772129
0.0651152
0.0513684
0.0389807
0.0325289
0.0362844
0.049773
0.0670872
0.0829054
0.0952319
0.104092
0.110241
0.114574
0.117993
0.121778
0.130193
0.159134
0.117374
0.103279
0.139872
0.115038
0.108283
0.105874
0.1043
0.10271
0.100641
0.0976346
0.0931419
0.0865255
0.0772128
0.065115
0.0513682
0.0389805
0.0325289
0.0362846
0.0497735
0.0670878
0.0829059
0.0952322
0.104092
0.110241
0.114573
0.117993
0.121778
0.130192
0.159133
0.117373
0.103279
0.139872
0.115038
0.108283
0.105874
0.1043
0.10271
0.100641
0.097635
0.0931422
0.0865257
0.0772128
0.0651147
0.0513677
0.03898
0.0325288
0.0362852
0.0497746
0.0670889
0.0829069
0.095233
0.104093
0.110241
0.114573
0.117992
0.121777
0.130191
0.159132
0.117373
0.103279
0.139872
0.115038
0.108283
0.105874
0.1043
0.10271
0.100641
0.097635
0.0931423
0.0865258
0.0772128
0.0651147
0.0513676
0.03898
0.0325288
0.0362853
0.0497747
0.0670891
0.082907
0.0952331
0.104093
0.110241
0.114573
0.117993
0.121777
0.130192
0.159132
0.117373
0.103279
0.139872
0.115038
0.108283
0.105874
0.1043
0.10271
0.100641
0.097635
0.0931423
0.0865258
0.0772128
0.0651146
0.0513676
0.03898
0.0325288
0.0362854
0.0497748
0.0670892
0.082907
0.095233
0.104093
0.110241
0.114573
0.117993
0.121777
0.130192
0.159133
0.117373
0.103279
0.139872
0.115038
0.108283
0.105873
0.104299
0.10271
0.100641
0.097635
0.0931423
0.0865258
0.0772128
0.0651146
0.0513676
0.03898
0.0325288
0.0362854
0.0497748
0.0670892
0.082907
0.095233
0.104093
0.110242
0.114573
0.117993
0.121778
0.130192
0.159133
0.117373
0.103279
0.139872
0.115038
0.108283
0.105874
0.1043
0.10271
0.100641
0.097635
0.0931423
0.0865258
0.0772128
0.0651146
0.0513676
0.0389799
0.0325288
0.0362855
0.049775
0.0670894
0.0829072
0.0952331
0.104093
0.110241
0.114573
0.117992
0.121777
0.130192
0.159132
0.117373
0.10328
0.139872
0.115038
0.108283
0.105874
0.1043
0.10271
0.100641
0.0976352
0.0931424
0.0865258
0.0772127
0.0651146
0.0513675
0.0389799
0.0325288
0.0362855
0.0497752
0.0670897
0.0829074
0.0952331
0.104093
0.110241
0.114572
0.117992
0.121776
0.130191
0.159131
0.117372
0.10328
0.139872
0.115038
0.108283
0.105874
0.1043
0.10271
0.100641
0.0976352
0.0931423
0.0865257
0.0772127
0.0651145
0.0513675
0.0389799
0.0325288
0.0362856
0.0497753
0.0670897
0.0829074
0.0952331
0.104093
0.110241
0.114572
0.117992
0.121776
0.130191
0.159131
0.117372
0.103279
0.139872
0.115038
0.108283
0.105874
0.1043
0.10271
0.100641
0.0976349
0.0931421
0.0865256
0.0772127
0.0651146
0.0513676
0.0389799
0.0325288
0.0362855
0.0497752
0.0670896
0.0829074
0.0952331
0.104093
0.110241
0.114573
0.117992
0.121777
0.130191
0.159132
0.117372
0.103279
0.139872
0.115038
0.108283
0.105874
0.1043
0.10271
0.100641
0.0976349
0.093142
0.0865255
0.0772126
0.0651145
0.0513675
0.03898
0.0325288
0.0362855
0.0497751
0.0670896
0.0829074
0.0952332
0.104093
0.110241
0.114573
0.117992
0.121777
0.130191
0.159131
0.117372
0.103279
0.139871
0.115038
0.108283
0.105874
0.104299
0.10271
0.10064
0.0976344
0.0931417
0.0865253
0.0772125
0.0651146
0.0513677
0.0389801
0.0325289
0.0362854
0.0497749
0.0670893
0.0829072
0.0952331
0.104093
0.110241
0.114573
0.117992
0.121777
0.130192
0.159132
0.117373
0.103278
0.139871
0.115037
0.108282
0.105873
0.104299
0.102709
0.10064
0.0976337
0.0931412
0.0865251
0.0772125
0.0651147
0.0513679
0.0389803
0.032529
0.0362853
0.0497746
0.067089
0.082907
0.0952331
0.104093
0.110242
0.114574
0.117993
0.121778
0.130192
0.159133
0.117373
0.103279
0.139871
0.115038
0.108283
0.105873
0.104299
0.102709
0.10064
0.0976341
0.0931414
0.0865252
0.0772124
0.0651146
0.0513678
0.0389803
0.0325289
0.0362852
0.0497745
0.067089
0.082907
0.0952331
0.104093
0.110242
0.114573
0.117993
0.121777
0.130192
0.159133
0.117373
0.103279
0.139872
0.115038
0.108283
0.105874
0.104299
0.10271
0.10064
0.0976343
0.0931416
0.0865253
0.0772125
0.0651147
0.0513679
0.0389803
0.0325289
0.0362851
0.0497743
0.0670888
0.0829069
0.0952331
0.104093
0.110242
0.114573
0.117993
0.121777
0.130192
0.159132
0.117373
0.103279
0.139872
0.115038
0.108283
0.105874
0.1043
0.10271
0.100641
0.0976345
0.0931418
0.0865254
0.0772126
0.0651147
0.0513679
0.0389803
0.0325289
0.0362849
0.049774
0.0670884
0.0829066
0.0952328
0.104093
0.110241
0.114573
0.117993
0.121777
0.130192
0.159132
0.117373
)