1624
(
5733.57
1929.51
807.645
401.694
216.539
122.002
70.6857
41.8061
25.1797
15.4536
9.6843
6.20559
4.06342
2.73146
1.98205
1.84936
2.63784
4.76019
8.60455
14.9696
25.5487
43.4649
74.4192
129.254
230.098
427.431
860.092
2057.34
6110.99
5733.57
1929.51
807.646
401.695
216.539
122.002
70.6859
41.8063
25.1798
15.4537
9.68435
6.20563
4.06345
2.73148
1.98205
1.84936
2.63783
4.76018
8.60453
14.9695
25.5486
43.4647
74.419
129.254
230.098
427.431
860.093
2057.35
6111.01
5733.56
1929.5
807.645
401.695
216.54
122.003
70.6863
41.8065
25.1799
15.4537
9.68438
6.20564
4.06346
2.73149
1.98206
1.84936
2.63783
4.76016
8.6045
14.9695
25.5485
43.4646
74.4188
129.254
230.097
427.431
860.093
2057.35
6111.01
5733.54
1929.5
807.645
401.696
216.54
122.003
70.6866
41.8067
25.1801
15.4539
9.68447
6.2057
4.06349
2.7315
1.98207
1.84936
2.63782
4.76014
8.60446
14.9694
25.5484
43.4643
74.4184
129.253
230.096
427.431
860.093
2057.35
6111.02
5733.56
1929.51
807.645
401.694
216.539
122.002
70.686
41.8063
25.1798
15.4537
9.68435
6.20562
4.06344
2.73148
1.98205
1.84936
2.63783
4.76017
8.60452
14.9695
25.5486
43.4647
74.4189
129.254
230.097
427.431
860.092
2057.34
6111.0
5733.57
1929.51
807.645
401.693
216.538
122.002
70.6854
41.806
25.1796
15.4536
9.68427
6.20557
4.06341
2.73146
1.98204
1.84936
2.63784
4.7602
8.60458
14.9696
25.5488
43.465
74.4194
129.255
230.098
427.432
860.092
2057.34
6110.98
5733.57
1929.51
807.644
401.693
216.538
122.002
70.6855
41.8061
25.1796
15.4536
9.68429
6.20558
4.06342
2.73146
1.98204
1.84936
2.63784
4.7602
8.60458
14.9696
25.5488
43.465
74.4194
129.255
230.098
427.431
860.092
2057.34
6110.98
5733.57
1929.51
807.644
401.693
216.538
122.002
70.6855
41.8061
25.1796
15.4536
9.6843
6.20559
4.06342
2.73146
1.98204
1.84936
2.63784
4.7602
8.60458
14.9696
25.5488
43.465
74.4194
129.255
230.098
427.432
860.092
2057.34
6110.98
5733.57
1929.51
807.644
401.693
216.538
122.001
70.6854
41.806
25.1796
15.4536
9.68429
6.20559
4.06342
2.73146
1.98205
1.84936
2.63783
4.76019
8.60458
14.9696
25.5488
43.4651
74.4195
129.255
230.098
427.432
860.092
2057.34
6110.98
5733.56
1929.51
807.645
401.694
216.539
122.002
70.686
41.8063
25.1798
15.4537
9.68435
6.20563
4.06345
2.73148
1.98206
1.84936
2.63782
4.76016
8.60452
14.9695
25.5486
43.4647
74.419
129.254
230.097
427.431
860.092
2057.34
6111.0
5733.55
1929.5
807.646
401.696
216.541
122.003
70.6866
41.8068
25.1801
15.4539
9.68447
6.2057
4.06349
2.73151
1.98207
1.84936
2.63781
4.76013
8.60446
14.9694
25.5484
43.4643
74.4184
129.253
230.097
427.431
860.094
2057.35
6111.03
5733.56
1929.51
807.646
401.695
216.54
122.003
70.6863
41.8065
25.1799
15.4537
9.68437
6.20564
4.06346
2.73149
1.98206
1.84936
2.63781
4.76014
8.6045
14.9695
25.5486
43.4646
74.4188
129.254
230.097
427.431
860.093
2057.35
6111.02
5733.57
1929.51
807.646
401.695
216.539
122.002
70.686
41.8063
25.1798
15.4537
9.68435
6.20562
4.06345
2.73149
1.98206
1.84936
2.63781
4.76014
8.60451
14.9695
25.5487
43.4648
74.4191
129.254
230.098
427.432
860.094
2057.35
6111.01
5733.57
1929.51
807.645
401.694
216.539
122.002
70.6857
41.8061
25.1797
15.4536
9.6843
6.2056
4.06344
2.73148
1.98206
1.84935
2.63781
4.76014
8.60451
14.9696
25.5487
43.465
74.4194
129.255
230.098
427.432
860.093
2057.34
6111.0
5733.57
1929.51
807.645
401.694
216.539
122.002
70.6856
41.8061
25.1797
15.4536
9.6843
6.20559
4.06343
2.73147
1.98205
1.84936
2.63784
4.76019
8.60455
14.9696
25.5487
43.4649
74.4192
129.254
230.098
427.431
860.092
2057.34
6110.99
5733.57
1929.51
807.645
401.695
216.539
122.002
70.6859
41.8063
25.1798
15.4537
9.68435
6.20563
4.06345
2.73148
1.98206
1.84936
2.63783
4.76017
8.60452
14.9695
25.5486
43.4647
74.419
129.254
230.097
427.431
860.093
2057.35
6111.01
5733.56
1929.5
807.645
401.695
216.54
122.003
70.6862
41.8065
25.1799
15.4537
9.68438
6.20564
4.06346
2.73149
1.98206
1.84936
2.63783
4.76016
8.6045
14.9695
25.5485
43.4645
74.4187
129.254
230.097
427.431
860.092
2057.35
6111.01
5733.54
1929.5
807.645
401.696
216.54
122.003
70.6866
41.8067
25.1801
15.4539
9.68446
6.20569
4.06349
2.7315
1.98207
1.84936
2.63782
4.76014
8.60445
14.9694
25.5483
43.4642
74.4182
129.253
230.096
427.43
860.093
2057.35
6111.02
5733.56
1929.5
807.645
401.694
216.539
122.002
70.6859
41.8063
25.1798
15.4537
9.68435
6.20562
4.06344
2.73148
1.98205
1.84936
2.63783
4.76016
8.60451
14.9695
25.5486
43.4646
74.4188
129.254
230.097
427.431
860.092
2057.34
6111.0
5733.57
1929.51
807.644
401.693
216.538
122.001
70.6854
41.806
25.1796
15.4536
9.68428
6.20558
4.06342
2.73146
1.98204
1.84936
2.63783
4.76019
8.60457
14.9696
25.5488
43.465
74.4194
129.255
230.098
427.431
860.091
2057.34
6110.98
5733.57
1929.51
807.644
401.693
216.538
122.001
70.6854
41.806
25.1796
15.4536
9.68429
6.20558
4.06342
2.73146
1.98204
1.84936
2.63784
4.76019
8.60456
14.9696
25.5487
43.4649
74.4193
129.254
230.098
427.431
860.091
2057.34
6110.98
5733.57
1929.51
807.644
401.693
216.538
122.001
70.6854
41.806
25.1796
15.4536
9.68429
6.20558
4.06342
2.73146
1.98204
1.84936
2.63783
4.76019
8.60455
14.9696
25.5487
43.4648
74.4192
129.254
230.098
427.431
860.091
2057.34
6110.98
5733.57
1929.51
807.644
401.693
216.538
122.001
70.6854
41.806
25.1796
15.4536
9.68429
6.20558
4.06342
2.73146
1.98204
1.84936
2.63784
4.76018
8.60455
14.9696
25.5487
43.4649
74.4192
129.254
230.098
427.431
860.091
2057.34
6110.98
5733.55
1929.5
807.644
401.694
216.539
122.002
70.686
41.8064
25.1798
15.4537
9.68437
6.20563
4.06345
2.73148
1.98205
1.84936
2.63783
4.76016
8.60449
14.9695
25.5485
43.4645
74.4187
129.254
230.097
427.431
860.092
2057.34
6111.0
5733.54
1929.5
807.645
401.696
216.541
122.003
70.6868
41.8069
25.1802
15.4539
9.68451
6.20572
4.0635
2.7315
1.98206
1.84936
2.63782
4.76013
8.60442
14.9693
25.5482
43.4641
74.4181
129.253
230.096
427.43
860.093
2057.35
6111.03
5733.56
1929.5
807.645
401.694
216.539
122.002
70.6861
41.8064
25.1799
15.4538
9.68439
6.20565
4.06346
2.73148
1.98205
1.84936
2.63783
4.76016
8.60447
14.9694
25.5484
43.4643
74.4184
129.253
230.096
427.43
860.092
2057.35
6111.01
5733.57
1929.51
807.644
401.693
216.538
122.001
70.6853
41.806
25.1796
15.4536
9.68429
6.20558
4.06342
2.73146
1.98204
1.84936
2.63785
4.76018
8.6045
14.9694
25.5484
43.4644
74.4186
129.253
230.097
427.43
860.09
2057.34
6110.99
5733.57
1929.51
807.643
401.692
216.538
122.001
70.6854
41.806
25.1797
15.4536
9.6843
6.20559
4.06342
2.73145
1.98204
1.84936
2.63785
4.7602
8.60453
14.9695
25.5485
43.4645
74.4187
129.254
230.097
427.43
860.09
2057.34
6110.98
5733.57
1929.51
807.645
401.694
216.539
122.002
70.6857
41.8061
25.1797
15.4536
9.68431
6.20561
4.06344
2.73149
1.98206
1.84935
2.63779
4.76011
8.60446
14.9695
25.5486
43.4648
74.4193
129.255
230.098
427.432
860.094
2057.35
6111.01
5733.57
1929.51
807.645
401.695
216.539
122.002
70.6859
41.8063
25.1798
15.4537
9.68437
6.20564
4.06347
2.7315
1.98207
1.84935
2.63778
4.76008
8.60442
14.9694
25.5485
43.4647
74.4191
129.254
230.098
427.433
860.096
2057.35
6111.03
5733.55
1929.5
807.645
401.695
216.54
122.003
70.6862
41.8065
25.1799
15.4537
9.68439
6.20566
4.06348
2.73151
1.98207
1.84935
2.63777
4.76006
8.60438
14.9694
25.5485
43.4646
74.4189
129.254
230.098
427.432
860.096
2057.35
6111.04
5733.54
1929.5
807.645
401.696
216.54
122.003
70.6866
41.8067
25.1801
15.4539
9.68447
6.20571
4.06351
2.73152
1.98208
1.84935
2.63776
4.76003
8.60434
14.9693
25.5483
43.4643
74.4185
129.254
230.097
427.432
860.096
2057.36
6111.05
5733.56
1929.5
807.644
401.694
216.539
122.002
70.6859
41.8063
25.1798
15.4537
9.68435
6.20564
4.06346
2.7315
1.98207
1.84935
2.63776
4.76006
8.6044
14.9694
25.5485
43.4647
74.4191
129.254
230.098
427.432
860.095
2057.35
6111.02
5733.57
1929.51
807.644
401.693
216.538
122.001
70.6854
41.806
25.1796
15.4536
9.68429
6.20559
4.06344
2.73148
1.98206
1.84934
2.63777
4.76008
8.60445
14.9695
25.5487
43.465
74.4196
129.255
230.099
427.433
860.095
2057.35
6111.0
5733.57
1929.51
807.644
401.693
216.538
122.001
70.6854
41.806
25.1796
15.4536
9.6843
6.2056
4.06344
2.73148
1.98206
1.84934
2.63777
4.76008
8.60445
14.9695
25.5487
43.465
74.4195
129.255
230.099
427.433
860.095
2057.35
6111.0
5733.57
1929.51
807.644
401.693
216.538
122.001
70.6854
41.806
25.1796
15.4536
9.6843
6.2056
4.06344
2.73148
1.98206
1.84934
2.63777
4.76008
8.60445
14.9695
25.5487
43.465
74.4195
129.255
230.099
427.433
860.095
2057.35
6111.0
5733.57
1929.51
807.644
401.693
216.538
122.001
70.6854
41.806
25.1796
15.4536
9.68429
6.20559
4.06344
2.73148
1.98206
1.84934
2.63777
4.76008
8.60445
14.9695
25.5487
43.465
74.4196
129.255
230.099
427.433
860.095
2057.35
6111.0
5733.55
1929.5
807.644
401.694
216.539
122.002
70.6859
41.8063
25.1798
15.4537
9.68435
6.20563
4.06346
2.7315
1.98207
1.84935
2.63777
4.76006
8.60439
14.9694
25.5485
43.4647
74.419
129.254
230.098
427.432
860.095
2057.35
6111.02
5733.54
1929.5
807.645
401.696
216.54
122.003
70.6866
41.8067
25.1801
15.4539
9.68447
6.20571
4.0635
2.73152
1.98208
1.84935
2.63777
4.76004
8.60433
14.9693
25.5483
43.4643
74.4184
129.253
230.097
427.432
860.096
2057.36
6111.04
5733.55
1929.5
807.645
401.695
216.54
122.003
70.6862
41.8065
25.1799
15.4537
9.68439
6.20566
4.06347
2.7315
1.98207
1.84935
2.63778
4.76007
8.60439
14.9694
25.5484
43.4645
74.4188
129.254
230.098
427.432
860.095
2057.35
6111.03
5733.56
1929.51
807.645
401.694
216.539
122.002
70.6859
41.8063
25.1798
15.4537
9.68436
6.20564
4.06346
2.73149
1.98206
1.84936
2.6378
4.7601
8.60443
14.9694
25.5485
43.4646
74.419
129.254
230.098
427.432
860.095
2057.35
6111.02
5733.57
1929.51
807.644
401.694
216.539
122.002
70.6856
41.8061
25.1797
15.4536
9.68431
6.2056
4.06344
2.73148
1.98205
1.84936
2.63782
4.76015
8.60449
14.9695
25.5486
43.4647
74.4191
129.254
230.098
427.432
860.093
2057.34
6111.0
5733.57
1929.51
807.643
401.693
216.538
122.001
70.6855
41.8061
25.1797
15.4536
9.6843
6.20559
4.06341
2.73145
1.98203
1.84936
2.63787
4.76023
8.60458
14.9695
25.5486
43.4647
74.4188
129.254
230.097
427.43
860.089
2057.33
6110.97
5733.57
1929.51
807.644
401.693
216.538
122.002
70.6856
41.8062
25.1797
15.4537
9.68432
6.20559
4.06341
2.73145
1.98203
1.84936
2.63787
4.76024
8.60458
14.9695
25.5485
43.4645
74.4185
129.253
230.096
427.429
860.089
2057.34
6110.98
5733.57
1929.51
807.643
401.693
216.538
122.001
70.6856
41.8062
25.1797
15.4537
9.68432
6.20559
4.06341
2.73145
1.98203
1.84937
2.63788
4.76024
8.60457
14.9695
25.5484
43.4643
74.4181
129.253
230.095
427.428
860.088
2057.34
6110.98
5733.56
1929.5
807.643
401.692
216.538
122.001
70.6856
41.8062
25.1797
15.4537
9.68432
6.20559
4.06341
2.73145
1.98203
1.84937
2.63788
4.76023
8.60454
14.9694
25.5483
43.464
74.4177
129.252
230.095
427.427
860.087
2057.34
6110.99
5733.57
1929.51
807.643
401.693
216.538
122.001
70.6855
41.8062
25.1797
15.4537
9.68432
6.20559
4.06341
2.73144
1.98203
1.84937
2.63789
4.76026
8.6046
14.9695
25.5485
43.4644
74.4184
129.253
230.096
427.428
860.088
2057.33
6110.97
5733.58
1929.51
807.644
401.693
216.538
122.001
70.6854
41.8061
25.1797
15.4536
9.68429
6.20558
4.0634
2.73144
1.98203
1.84937
2.6379
4.76029
8.60467
14.9697
25.5488
43.4649
74.4192
129.254
230.097
427.43
860.088
2057.33
6110.96
5733.58
1929.51
807.644
401.693
216.538
122.001
70.6854
41.806
25.1796
15.4536
9.68428
6.20557
4.0634
2.73144
1.98203
1.84937
2.6379
4.7603
8.60468
14.9697
25.5488
43.4649
74.4191
129.254
230.097
427.43
860.088
2057.33
6110.96
5733.57
1929.51
807.644
401.693
216.538
122.002
70.6856
41.8061
25.1797
15.4536
9.68431
6.20559
4.06341
2.73145
1.98203
1.84937
2.6379
4.76029
8.60466
14.9697
25.5487
43.4648
74.419
129.254
230.097
427.43
860.088
2057.33
6110.96
5733.57
1929.51
807.644
401.693
216.538
122.002
70.6855
41.8061
25.1797
15.4536
9.68429
6.20558
4.06341
2.73144
1.98203
1.84937
2.63789
4.76029
8.60467
14.9697
25.5488
43.4649
74.4191
129.254
230.097
427.43
860.088
2057.33
6110.96
5733.56
1929.51
807.645
401.694
216.539
122.002
70.686
41.8064
25.1798
15.4537
9.68435
6.20562
4.06343
2.73146
1.98204
1.84937
2.63789
4.76026
8.60462
14.9696
25.5486
43.4646
74.4186
129.253
230.096
427.429
860.089
2057.34
6110.98
5733.55
1929.5
807.646
401.696
216.541
122.003
70.6866
41.8068
25.1801
15.4539
9.68446
6.20568
4.06347
2.73148
1.98206
1.84937
2.63787
4.76023
8.60456
14.9695
25.5484
43.4642
74.4181
129.253
230.096
427.429
860.09
2057.34
6111.01
5733.56
1929.51
807.646
401.695
216.54
122.003
70.6863
41.8065
25.1799
15.4537
9.68437
6.20563
4.06344
2.73147
1.98205
1.84937
2.63787
4.76023
8.6046
14.9696
25.5486
43.4645
74.4185
129.253
230.096
427.43
860.09
2057.34
6111.0
5733.57
1929.51
807.646
401.695
216.539
122.002
70.6859
41.8063
25.1798
15.4537
9.68434
6.20562
4.06344
2.73147
1.98205
1.84937
2.63786
4.76022
8.6046
14.9696
25.5487
43.4648
74.419
129.254
230.097
427.431
860.091
2057.34
6110.99
5733.57
1929.51
807.645
401.694
216.539
122.002
70.6856
41.8061
25.1797
15.4536
9.68429
6.20558
4.06342
2.73147
1.98205
1.84936
2.63784
4.76019
8.60458
14.9696
25.5488
43.465
74.4193
129.254
230.098
427.431
860.091
2057.34
6110.98
)