1624
(
(0.000371911 0.00034453 2.46829)
(-0.00014723 -0.000116825 3.13127)
(-5.65317e-05 -3.48495e-05 3.47496)
(-2.42754e-05 -5.63606e-06 3.76526)
(-2.53004e-05 -6.59849e-06 4.02833)
(-3.07956e-05 -1.19457e-05 4.27486)
(-3.21934e-05 -1.39921e-05 4.51156)
(-3.2333e-05 -1.52612e-05 4.74212)
(-3.22085e-05 -1.66594e-05 4.96817)
(-3.13443e-05 -1.77945e-05 5.18959)
(-2.92971e-05 -1.82058e-05 5.40409)
(-2.59217e-05 -1.7473e-05 5.60637)
(-2.14555e-05 -1.53091e-05 5.78713)
(-1.64419e-05 -1.1867e-05 5.93324)
(-1.20942e-05 -8.23423e-06 6.03077)
(-9.27268e-06 -5.46238e-06 6.06852)
(-8.41991e-06 -4.19889e-06 6.03553)
(-9.15181e-06 -4.25791e-06 5.92686)
(-1.02744e-05 -4.73985e-06 5.75761)
(-1.09484e-05 -5.10094e-06 5.55119)
(-1.09642e-05 -5.23545e-06 5.32447)
(-1.03719e-05 -5.08889e-06 5.08658)
(-9.23746e-06 -4.56137e-06 4.8412)
(-9.0095e-06 -4.85464e-06 4.58835)
(-1.2972e-05 -8.86014e-06 4.32488)
(-1.18306e-05 -8.25915e-06 4.04394)
(2.57044e-05 2.49064e-05 3.73432)
(0.000127535 0.000115552 3.36797)
(-0.000429177 -0.000382326 2.65909)
(0.000398098 0.000299149 2.46828)
(-0.000172004 -0.000101914 3.13126)
(-7.38934e-05 -3.10739e-05 3.47495)
(-3.94156e-05 -6.13465e-06 3.76525)
(-4.11328e-05 -7.48698e-06 4.02832)
(-4.75221e-05 -1.26964e-05 4.27485)
(-4.91426e-05 -1.50144e-05 4.51156)
(-4.89615e-05 -1.65168e-05 4.74212)
(-4.78634e-05 -1.78508e-05 4.96817)
(-4.51332e-05 -1.85757e-05 5.18958)
(-4.02792e-05 -1.83348e-05 5.40408)
(-3.35338e-05 -1.69872e-05 5.60636)
(-2.58892e-05 -1.45122e-05 5.78713)
(-1.85624e-05 -1.10771e-05 5.93324)
(-1.29139e-05 -7.58943e-06 6.03077)
(-9.5171e-06 -4.9178e-06 6.06852)
(-8.52565e-06 -3.61801e-06 6.03553)
(-9.36246e-06 -3.55167e-06 5.92686)
(-1.07352e-05 -4.03112e-06 5.75762)
(-1.18023e-05 -4.68454e-06 5.55119)
(-1.23453e-05 -5.36317e-06 5.32447)
(-1.22942e-05 -5.82376e-06 5.08658)
(-1.15378e-05 -5.83255e-06 4.84121)
(-1.15929e-05 -6.38458e-06 4.58835)
(-1.60707e-05 -1.00091e-05 4.32488)
(-1.48498e-05 -9.51705e-06 4.04395)
(2.62613e-05 1.93489e-05 3.73433)
(0.000137781 9.82312e-05 3.36798)
(-0.000470748 -0.000333735 2.6591)
(0.000425025 0.00024858 2.46828)
(-0.000187584 -8.72261e-05 3.13126)
(-8.27e-05 -2.83181e-05 3.47494)
(-4.60128e-05 -7.73842e-06 3.76525)
(-4.80975e-05 -9.11444e-06 4.02832)
(-5.5098e-05 -1.36894e-05 4.27485)
(-5.68399e-05 -1.58218e-05 4.51155)
(-5.64791e-05 -1.72683e-05 4.74211)
(-5.49659e-05 -1.86075e-05 4.96817)
(-5.15439e-05 -1.94647e-05 5.18958)
(-4.56532e-05 -1.93795e-05 5.40408)
(-3.7503e-05 -1.79196e-05 5.60636)
(-2.82991e-05 -1.49446e-05 5.78712)
(-1.96793e-05 -1.09483e-05 5.93324)
(-1.32542e-05 -7.15607e-06 6.03077)
(-9.51195e-06 -4.37218e-06 6.06852)
(-8.4652e-06 -2.95138e-06 6.03553)
(-9.43975e-06 -2.64506e-06 5.92686)
(-1.11079e-05 -2.86371e-06 5.75762)
(-1.25737e-05 -3.36075e-06 5.55119)
(-1.34898e-05 -4.05641e-06 5.32447)
(-1.3691e-05 -4.71435e-06 5.08658)
(-1.30939e-05 -5.05775e-06 4.84121)
(-1.33475e-05 -5.8371e-06 4.58836)
(-1.83027e-05 -9.11416e-06 4.32488)
(-1.7078e-05 -8.86308e-06 4.04395)
(2.70235e-05 1.51892e-05 3.73433)
(0.000146764 8.11334e-05 3.36798)
(-0.000506087 -0.000279799 2.6591)
(0.000448567 0.000170361 2.46827)
(-0.000198941 -0.000101054 3.13125)
(-8.89815e-05 -5.66555e-05 3.47494)
(-5.11947e-05 -4.14679e-05 3.76524)
(-5.45172e-05 -4.27652e-05 4.02831)
(-6.31064e-05 -4.57823e-05 4.27484)
(-6.60088e-05 -4.60619e-05 4.51155)
(-6.62065e-05 -4.49132e-05 4.74211)
(-6.42758e-05 -4.25924e-05 4.96816)
(-5.91472e-05 -3.85919e-05 5.18958)
(-5.05082e-05 -3.27012e-05 5.40408)
(-3.95556e-05 -2.54384e-05 5.60636)
(-2.85284e-05 -1.79827e-05 5.78712)
(-1.92243e-05 -1.15094e-05 5.93323)
(-1.27289e-05 -6.76721e-06 6.03077)
(-9.07911e-06 -3.71124e-06 6.06852)
(-8.15452e-06 -2.11608e-06 6.03553)
(-9.30558e-06 -1.43347e-06 5.92686)
(-1.13883e-05 -1.03739e-06 5.75762)
(-1.38209e-05 -7.06552e-07 5.55119)
(-1.63655e-05 -4.80756e-07 5.32448)
(-1.84498e-05 -2.70581e-07 5.08659)
(-1.94365e-05 1.23727e-07 4.84122)
(-2.07976e-05 8.71645e-08 4.58836)
(-2.66153e-05 -2.05798e-06 4.32489)
(-2.55118e-05 -1.58901e-06 4.04396)
(2.11743e-05 1.75013e-05 3.73434)
(0.000148035 6.94954e-05 3.36799)
(-0.000539843 -0.000216806 2.65911)
(0.000493093 0.000101367 2.46828)
(-0.000173541 -9.90576e-05 3.13126)
(-5.59071e-05 -6.80928e-05 3.47495)
(-1.42174e-05 -5.71686e-05 3.76525)
(-1.59272e-05 -5.72646e-05 4.02832)
(-2.37944e-05 -5.7835e-05 4.27485)
(-2.66484e-05 -5.58114e-05 4.51156)
(-2.80245e-05 -5.23138e-05 4.74212)
(-2.91312e-05 -4.76635e-05 4.96817)
(-2.93429e-05 -4.15416e-05 5.18959)
(-2.80941e-05 -3.38369e-05 5.40408)
(-2.51325e-05 -2.51659e-05 5.60637)
(-2.05602e-05 -1.68118e-05 5.78713)
(-1.54634e-05 -1.01434e-05 5.93324)
(-1.09785e-05 -5.55296e-06 6.03077)
(-8.16073e-06 -2.71435e-06 6.06852)
(-7.51528e-06 -1.15668e-06 6.03553)
(-8.59417e-06 -1.70397e-07 5.92686)
(-1.0234e-05 9.73589e-07 5.75762)
(-1.17631e-05 2.68436e-06 5.55119)
(-1.29963e-05 4.90305e-06 5.32447)
(-1.37175e-05 7.30268e-06 5.08658)
(-1.36724e-05 9.56768e-06 4.84121)
(-1.45396e-05 1.10076e-05 4.58835)
(-2.04854e-05 1.03669e-05 4.32488)
(-1.95363e-05 1.11015e-05 4.04395)
(2.86094e-05 2.48211e-05 3.73433)
(0.000159913 6.18175e-05 3.36798)
(-0.000556962 -0.000147251 2.6591)
(0.000515106 6.3468e-05 2.46829)
(-0.000165917 -5.72237e-05 3.13127)
(-4.35303e-05 -3.82103e-05 3.47496)
(7.33422e-07 -3.14001e-05 3.76526)
(3.56311e-07 -3.13186e-05 4.02833)
(-6.51284e-06 -3.16005e-05 4.27486)
(-8.56923e-06 -3.04328e-05 4.51157)
(-9.67307e-06 -2.85678e-05 4.74213)
(-1.134e-05 -2.62879e-05 4.96818)
(-1.31747e-05 -2.34256e-05 5.18959)
(-1.46629e-05 -1.97625e-05 5.40409)
(-1.52479e-05 -1.53204e-05 5.60637)
(-1.43102e-05 -1.05469e-05 5.78713)
(-1.20441e-05 -6.38571e-06 5.93324)
(-9.24092e-06 -3.34465e-06 6.03077)
(-7.20322e-06 -1.3968e-06 6.06852)
(-6.79216e-06 -2.45679e-07 6.03553)
(-7.68302e-06 6.20488e-07 5.92686)
(-8.66836e-06 1.69539e-06 5.75762)
(-9.04047e-06 3.17727e-06 5.55119)
(-8.77954e-06 4.87642e-06 5.32447)
(-7.98279e-06 6.50413e-06 5.08657)
(-6.66464e-06 7.90611e-06 4.8412)
(-6.68122e-06 8.72899e-06 4.58835)
(-1.23226e-05 8.25094e-06 4.32487)
(-1.12562e-05 8.57884e-06 4.04394)
(3.79094e-05 1.6739e-05 3.73432)
(0.000172035 3.89432e-05 3.36797)
(-0.000565097 -8.78813e-05 2.65909)
(0.000519463 2.37205e-05 2.46829)
(-0.000170748 -1.61928e-05 3.13127)
(-4.68529e-05 -9.64916e-06 3.47496)
(-1.94154e-06 -7.30531e-06 3.76526)
(-2.11339e-06 -7.30747e-06 4.02833)
(-8.72556e-06 -7.5145e-06 4.27486)
(-1.03125e-05 -7.31426e-06 4.51157)
(-1.07573e-05 -6.9616e-06 4.74213)
(-1.15677e-05 -6.56587e-06 4.96818)
(-1.23857e-05 -6.08239e-06 5.18959)
(-1.29094e-05 -5.39588e-06 5.40409)
(-1.29128e-05 -4.35848e-06 5.60637)
(-1.21786e-05 -3.06539e-06 5.78713)
(-1.05082e-05 -1.73671e-06 5.93324)
(-8.30848e-06 -6.59818e-07 6.03077)
(-6.61496e-06 1.02136e-07 6.06852)
(-6.30281e-06 6.2877e-07 6.03553)
(-7.0636e-06 1.09159e-06 5.92686)
(-7.69916e-06 1.64228e-06 5.75762)
(-7.59427e-06 2.30682e-06 5.55119)
(-6.91767e-06 2.96998e-06 5.32447)
(-5.87674e-06 3.52044e-06 5.08658)
(-4.45409e-06 3.93414e-06 4.8412)
(-4.46112e-06 4.12621e-06 4.58835)
(-1.02054e-05 3.87466e-06 4.32487)
(-9.18678e-06 3.89122e-06 4.04394)
(4.05099e-05 6.52643e-06 3.73432)
(0.000176198 1.38516e-05 3.36797)
(-0.000570817 -2.87646e-05 2.65909)
(0.000519499 -2.30832e-05 2.46829)
(-0.000170703 1.69955e-05 3.13127)
(-4.68033e-05 1.05331e-05 3.47496)
(-1.8888e-06 8.25302e-06 3.76526)
(-2.05831e-06 8.30879e-06 4.02833)
(-8.66901e-06 8.56373e-06 4.27486)
(-1.02553e-05 8.40909e-06 4.51157)
(-1.07006e-05 8.09786e-06 4.74212)
(-1.15124e-05 7.73029e-06 4.96818)
(-1.23317e-05 7.25513e-06 5.18959)
(-1.28537e-05 6.56825e-06 5.40409)
(-1.28417e-05 5.55505e-06 5.60637)
(-1.20977e-05 4.30652e-06 5.78713)
(-1.04212e-05 3.07919e-06 5.93324)
(-8.21557e-06 2.16967e-06 6.03077)
(-6.50985e-06 1.65784e-06 6.06852)
(-6.17533e-06 1.46646e-06 6.03553)
(-6.90373e-06 1.41174e-06 5.92686)
(-7.48734e-06 1.30831e-06 5.75762)
(-7.3012e-06 1.09995e-06 5.55119)
(-6.51798e-06 8.68359e-07 5.32447)
(-5.3668e-06 6.75043e-07 5.08658)
(-3.85297e-06 5.04436e-07 4.8412)
(-3.7997e-06 4.3052e-07 4.58835)
(-9.51593e-06 6.83798e-07 4.32487)
(-8.49755e-06 5.61886e-07 4.04394)
(4.11742e-05 -2.2882e-06 3.73432)
(0.00017681 -9.96144e-06 3.36797)
(-0.000570323 3.20274e-05 2.65909)
(0.000515222 -6.27779e-05 2.46829)
(-0.00016577 5.80931e-05 3.13127)
(-4.33686e-05 3.91682e-05 3.47496)
(9.06041e-07 3.24281e-05 3.76526)
(5.37158e-07 3.24048e-05 4.02833)
(-6.32662e-06 3.27356e-05 4.27486)
(-8.38118e-06 3.16065e-05 4.51157)
(-9.48772e-06 2.97644e-05 4.74212)
(-1.11605e-05 2.74854e-05 4.96818)
(-1.30032e-05 2.46129e-05 5.18959)
(-1.44939e-05 2.09497e-05 5.40409)
(-1.50746e-05 1.65308e-05 5.60637)
(-1.41277e-05 1.18125e-05 5.78713)
(-1.18288e-05 7.74178e-06 5.93324)
(-8.989e-06 4.85414e-06 6.03077)
(-6.90344e-06 3.14351e-06 6.06852)
(-6.42463e-06 2.31087e-06 6.03554)
(-7.23126e-06 1.81827e-06 5.92686)
(-8.09929e-06 1.1156e-06 5.75762)
(-8.30228e-06 -6.02669e-08 5.55119)
(-7.82474e-06 -1.5578e-06 5.32447)
(-6.80949e-06 -3.09299e-06 5.08658)
(-5.32338e-06 -4.49425e-06 4.8412)
(-5.24459e-06 -5.38649e-06 4.58835)
(-1.08581e-05 -5.03038e-06 4.32487)
(-9.81734e-06 -5.52521e-06 4.04394)
(3.9278e-05 -1.3902e-05 3.73432)
(0.000173283 -3.63919e-05 3.36797)
(-0.000564093 9.00202e-05 2.65909)
(0.000493309 -0.000100611 2.46828)
(-0.00017327 0.000100008 3.13126)
(-5.56097e-05 6.91368e-05 3.47495)
(-1.39004e-05 5.82831e-05 3.76525)
(-1.55964e-05 5.84309e-05 4.02832)
(-2.34563e-05 5.90334e-05 4.27485)
(-2.63108e-05 5.70195e-05 4.51156)
(-2.76949e-05 5.3509e-05 4.74212)
(-2.88126e-05 4.88301e-05 4.96817)
(-2.90379e-05 4.26822e-05 5.18959)
(-2.77917e-05 3.49674e-05 5.40408)
(-2.48245e-05 2.63111e-05 5.60637)
(-2.02448e-05 1.80032e-05 5.78713)
(-1.51002e-05 1.14473e-05 5.93324)
(-1.05591e-05 7.02611e-06 6.03077)
(-7.66523e-06 4.42596e-06 6.06852)
(-6.92279e-06 3.17523e-06 6.03554)
(-7.90126e-06 2.53557e-06 5.92686)
(-9.44771e-06 1.71818e-06 5.75762)
(-1.09136e-05 2.36078e-07 5.55119)
(-1.2127e-05 -1.88764e-06 5.32447)
(-1.28649e-05 -4.30747e-06 5.08658)
(-1.28565e-05 -6.67191e-06 4.84121)
(-1.37699e-05 -8.26175e-06 4.58836)
(-1.97668e-05 -7.79975e-06 4.32488)
(-1.88729e-05 -8.7323e-06 4.04395)
(2.92114e-05 -2.26723e-05 3.73433)
(0.000160443 -5.99285e-05 3.36798)
(-0.00055652 0.000148826 2.6591)
(0.00044888 -0.000169597 2.46827)
(-0.000198548 0.000102015 3.13125)
(-8.85475e-05 5.77136e-05 3.47494)
(-5.07292e-05 4.26012e-05 3.76524)
(-5.40269e-05 4.39565e-05 4.02831)
(-6.25986e-05 4.70121e-05 4.27484)
(-6.54932e-05 4.73051e-05 4.51155)
(-6.56952e-05 4.61395e-05 4.74211)
(-6.37783e-05 4.37798e-05 4.96816)
(-5.86667e-05 3.97387e-05 5.18958)
(-5.00407e-05 3.38216e-05 5.40408)
(-3.90907e-05 2.65613e-05 5.60636)
(-2.8044e-05 1.91554e-05 5.78712)
(-1.87061e-05 1.27716e-05 5.93324)
(-1.21389e-05 8.197e-06 6.03077)
(-8.38533e-06 5.38282e-06 6.06852)
(-7.33516e-06 4.09412e-06 6.03554)
(-8.35951e-06 3.76676e-06 5.92686)
(-1.03434e-05 3.72845e-06 5.75762)
(-1.27427e-05 3.70372e-06 5.5512)
(-1.53232e-05 3.71249e-06 5.32448)
(-1.74916e-05 3.64905e-06 5.08659)
(-1.85781e-05 3.30977e-06 4.84122)
(-2.00336e-05 3.31801e-06 4.58837)
(-2.59326e-05 5.36602e-06 4.3249)
(-2.48998e-05 4.74161e-06 4.04396)
(2.17196e-05 -1.45634e-05 3.73434)
(0.000148511 -6.68502e-05 3.36799)
(-0.000539419 0.000219008 2.65911)
(0.000425386 -0.000247924 2.46828)
(-0.000187129 8.80522e-05 3.13126)
(-8.21993e-05 2.92276e-05 3.47495)
(-4.54757e-05 8.71281e-06 3.76525)
(-4.75313e-05 1.01397e-05 4.02832)
(-5.45099e-05 1.4751e-05 4.27485)
(-5.62385e-05 1.69018e-05 4.51156)
(-5.58748e-05 1.83459e-05 4.74212)
(-5.43679e-05 1.96657e-05 4.96817)
(-5.09565e-05 2.04985e-05 5.18959)
(-4.50714e-05 2.04056e-05 5.40408)
(-3.69154e-05 1.89675e-05 5.60637)
(-2.76788e-05 1.60567e-05 5.78713)
(-1.90028e-05 1.21603e-05 5.93324)
(-1.24791e-05 8.53605e-06 6.03077)
(-8.60533e-06 5.99451e-06 6.06853)
(-7.40215e-06 4.87542e-06 6.03554)
(-8.20431e-06 4.93102e-06 5.92686)
(-9.71181e-06 5.54818e-06 5.75762)
(-1.10647e-05 6.44889e-06 5.5512)
(-1.19245e-05 7.52219e-06 5.32448)
(-1.21101e-05 8.49199e-06 5.08659)
(-1.15269e-05 9.04336e-06 4.84122)
(-1.18128e-05 9.91574e-06 4.58836)
(-1.68145e-05 1.31791e-05 4.32489)
(-1.56528e-05 1.28184e-05 4.04396)
(2.83624e-05 -1.14395e-05 3.73434)
(0.000147983 -7.77063e-05 3.36799)
(-0.00050504 0.000282657 2.6591)
(0.000398579 -0.000298471 2.46828)
(-0.000171399 0.000102769 3.13126)
(-7.32281e-05 3.2013e-05 3.47495)
(-3.87044e-05 7.1385e-06 3.76525)
(-4.03868e-05 8.5398e-06 4.02832)
(-4.67525e-05 1.37821e-05 4.27485)
(-4.83618e-05 1.61145e-05 4.51156)
(-4.81818e-05 1.76118e-05 4.74212)
(-4.70941e-05 1.89243e-05 4.96817)
(-4.43765e-05 1.96198e-05 5.18959)
(-3.95252e-05 1.93585e-05 5.40408)
(-3.2765e-05 1.80158e-05 5.60637)
(-2.50755e-05 1.55914e-05 5.78713)
(-1.76869e-05 1.22498e-05 5.93324)
(-1.1932e-05 8.91883e-06 6.03077)
(-8.38702e-06 6.47616e-06 6.06853)
(-7.20991e-06 5.46321e-06 6.03554)
(-7.82037e-06 5.73825e-06 5.92686)
(-8.93895e-06 6.59915e-06 5.75762)
(-9.7475e-06 7.64301e-06 5.5512)
(-1.00437e-05 8.68817e-06 5.32448)
(-9.77483e-06 9.45722e-06 5.08659)
(-8.85761e-06 9.67902e-06 4.84121)
(-8.82353e-06 1.03371e-05 4.58836)
(-1.32842e-05 1.39671e-05 4.32489)
(-1.21155e-05 1.33873e-05 4.04395)
(2.88724e-05 -1.56618e-05 3.73433)
(0.000140184 -9.48433e-05 3.36798)
(-0.000468735 0.000336574 2.6591)
(0.000372503 -0.000343868 2.46829)
(-0.000146486 0.000117656 3.13127)
(-5.57147e-05 3.57627e-05 3.47496)
(-2.34034e-05 6.61063e-06 3.76526)
(-2.43877e-05 7.61862e-06 4.02833)
(-2.98559e-05 1.29956e-05 4.27486)
(-3.12412e-05 1.5055e-05 4.51156)
(-3.13817e-05 1.63206e-05 4.74212)
(-3.1267e-05 1.77033e-05 4.96817)
(-3.04132e-05 1.88198e-05 5.18959)
(-2.83633e-05 1.92247e-05 5.40409)
(-2.49662e-05 1.85075e-05 5.60637)
(-2.04495e-05 1.6391e-05 5.78713)
(-1.53694e-05 1.30251e-05 5.93324)
(-1.09071e-05 9.52797e-06 6.03077)
(-7.92394e-06 6.95801e-06 6.06853)
(-6.8641e-06 5.94771e-06 6.03554)
(-7.33356e-06 6.29858e-06 5.92687)
(-8.15296e-06 7.08154e-06 5.75763)
(-8.51908e-06 7.6947e-06 5.5512)
(-8.25503e-06 7.98358e-06 5.32448)
(-7.44625e-06 7.89405e-06 5.08659)
(-6.18038e-06 7.35907e-06 4.84121)
(-5.91292e-06 7.60197e-06 4.58836)
(-9.91597e-06 1.15229e-05 4.32488)
(-8.88228e-06 1.08022e-05 4.04395)
(2.84801e-05 -2.25263e-05 3.73433)
(0.000130057 -0.000113396 3.36798)
(-0.000427089 0.000384143 2.6591)
(0.000342914 0.000373357 2.46829)
(-0.000118855 -0.000145415 3.13127)
(-3.70782e-05 -5.45388e-05 3.47496)
(-8.01356e-06 -2.21494e-05 3.76526)
(-9.08585e-06 -2.30762e-05 4.02833)
(-1.45037e-05 -2.85083e-05 4.27486)
(-1.65787e-05 -2.9881e-05 4.51156)
(-1.78345e-05 -3.00333e-05 4.74212)
(-1.91873e-05 -2.99511e-05 4.96817)
(-2.02676e-05 -2.91392e-05 5.18959)
(-2.06518e-05 -2.71211e-05 5.40409)
(-1.99478e-05 -2.37253e-05 5.60637)
(-1.78985e-05 -1.91549e-05 5.78713)
(-1.46336e-05 -1.39717e-05 5.93324)
(-1.13118e-05 -9.32718e-06 6.03077)
(-8.98808e-06 -6.08969e-06 6.06852)
(-8.28819e-06 -4.72335e-06 6.03553)
(-9.02779e-06 -4.84687e-06 5.92686)
(-1.0243e-05 -5.30275e-06 5.75761)
(-1.12654e-05 -5.32666e-06 5.55119)
(-1.18884e-05 -4.77988e-06 5.32447)
(-1.20303e-05 -3.76906e-06 5.08657)
(-1.16216e-05 -2.38753e-06 4.8412)
(-1.18882e-05 -2.09414e-06 4.58835)
(-1.57406e-05 -6.15402e-06 4.32487)
(-1.48698e-05 -5.2513e-06 4.04394)
(1.8687e-05 3.19091e-05 3.73432)
(0.000109879 0.000133198 3.36797)
(-0.000386961 -0.000424569 2.65909)
(0.000297347 0.000399374 2.46828)
(-0.000104177 -0.000170401 3.13126)
(-3.35566e-05 -7.21346e-05 3.47495)
(-8.78194e-06 -3.75398e-05 3.76525)
(-1.02553e-05 -3.91707e-05 4.02832)
(-1.55421e-05 -4.55044e-05 4.27485)
(-1.78903e-05 -4.71025e-05 4.51156)
(-1.93758e-05 -4.69323e-05 4.74212)
(-2.06567e-05 -4.58712e-05 4.96817)
(-2.13167e-05 -4.3187e-05 5.18958)
(-2.10405e-05 -3.8357e-05 5.40408)
(-1.97201e-05 -3.15915e-05 5.60636)
(-1.73718e-05 -2.38503e-05 5.78712)
(-1.41337e-05 -1.63675e-05 5.93324)
(-1.09813e-05 -1.04449e-05 6.03077)
(-8.78618e-06 -6.67309e-06 6.06852)
(-8.08584e-06 -5.23271e-06 6.03553)
(-8.76349e-06 -5.56147e-06 5.92686)
(-1.00839e-05 -6.39003e-06 5.75762)
(-1.15729e-05 -6.92572e-06 5.55119)
(-1.29884e-05 -6.9923e-06 5.32447)
(-1.40304e-05 -6.54482e-06 5.08658)
(-1.44065e-05 -5.52016e-06 4.84121)
(-1.51025e-05 -5.45595e-06 4.58835)
(-1.86659e-05 -9.95955e-06 4.32488)
(-1.79266e-05 -8.90038e-06 4.04395)
(1.13714e-05 3.19135e-05 3.73432)
(9.09097e-05 0.000142973 3.36798)
(-0.000339731 -0.000466494 2.6591)
(0.000246523 0.000426158 2.46828)
(-8.9805e-05 -0.000186162 3.13125)
(-3.11463e-05 -8.11397e-05 3.47494)
(-1.07518e-05 -4.43491e-05 3.76525)
(-1.22629e-05 -4.63573e-05 4.02832)
(-1.69226e-05 -5.3308e-05 4.27485)
(-1.90848e-05 -5.50295e-05 4.51155)
(-2.05053e-05 -5.46793e-05 4.74211)
(-2.17769e-05 -5.32024e-05 4.96817)
(-2.25589e-05 -4.98261e-05 5.18958)
(-2.24344e-05 -4.39665e-05 5.40408)
(-2.10042e-05 -3.58121e-05 5.60636)
(-1.81609e-05 -2.653e-05 5.78712)
(-1.43581e-05 -1.77641e-05 5.93323)
(-1.09044e-05 -1.10812e-05 6.03077)
(-8.59623e-06 -7.00409e-06 6.06852)
(-7.77471e-06 -5.58258e-06 6.03553)
(-8.22915e-06 -6.17505e-06 5.92686)
(-9.32079e-06 -7.47456e-06 5.75762)
(-1.06909e-05 -8.63352e-06 5.55119)
(-1.21686e-05 -9.31928e-06 5.32447)
(-1.34413e-05 -9.3652e-06 5.08658)
(-1.41701e-05 -8.69591e-06 4.84121)
(-1.50946e-05 -8.95647e-06 4.58836)
(-1.82956e-05 -1.39923e-05 4.32488)
(-1.77695e-05 -1.29206e-05 4.04395)
(6.75331e-06 3.09493e-05 3.73433)
(7.34052e-05 0.000150358 3.36798)
(-0.000286114 -0.00050313 2.6591)
(0.000167927 0.000449575 2.46827)
(-0.000104101 -0.00019768 3.13125)
(-5.99912e-05 -8.75985e-05 3.47494)
(-4.50151e-05 -4.97221e-05 3.76524)
(-4.64624e-05 -5.29797e-05 4.02831)
(-4.95667e-05 -6.15287e-05 4.27484)
(-4.98654e-05 -6.44181e-05 4.51155)
(-4.86669e-05 -6.46317e-05 4.74211)
(-4.62509e-05 -6.2738e-05 4.96816)
(-4.21583e-05 -5.76493e-05 5.18958)
(-3.62153e-05 -4.90351e-05 5.40408)
(-2.89722e-05 -3.80746e-05 5.60636)
(-2.16413e-05 -2.69742e-05 5.78712)
(-1.53375e-05 -1.75421e-05 5.93323)
(-1.09109e-05 -1.0818e-05 6.03077)
(-8.29427e-06 -6.87949e-06 6.06852)
(-7.26503e-06 -5.65697e-06 6.03553)
(-7.30929e-06 -6.55145e-06 5.92686)
(-7.73744e-06 -8.4238e-06 5.75762)
(-8.18925e-06 -1.07202e-05 5.55119)
(-8.62853e-06 -1.31945e-05 5.32448)
(-8.89333e-06 -1.52726e-05 5.08659)
(-8.75389e-06 -1.63021e-05 4.84122)
(-8.83008e-06 -1.77418e-05 4.58836)
(-1.08236e-05 -2.36688e-05 4.32489)
(-1.00328e-05 -2.2707e-05 4.04396)
(9.54747e-06 2.37977e-05 3.73434)
(6.22408e-05 0.000150421 3.36799)
(-0.000222718 -0.000537882 2.65911)
(9.85245e-05 0.00049391 2.46828)
(-0.000102605 -0.00017252 3.13126)
(-7.19668e-05 -5.4791e-05 3.47495)
(-6.12739e-05 -1.3033e-05 3.76525)
(-6.15253e-05 -1.46955e-05 4.02832)
(-6.21765e-05 -2.25359e-05 4.27485)
(-6.01587e-05 -2.53843e-05 4.51156)
(-5.66006e-05 -2.67735e-05 4.74212)
(-5.18505e-05 -2.79022e-05 4.96817)
(-4.56331e-05 -2.81377e-05 5.18958)
(-3.78762e-05 -2.68908e-05 5.40408)
(-2.92325e-05 -2.38995e-05 5.60636)
(-2.09378e-05 -1.9269e-05 5.78712)
(-1.44748e-05 -1.40003e-05 5.93323)
(-1.01479e-05 -9.29477e-06 6.03077)
(-7.678e-06 -6.22546e-06 6.06852)
(-6.62138e-06 -5.35818e-06 6.03553)
(-6.29751e-06 -6.28879e-06 5.92685)
(-5.91426e-06 -7.82931e-06 5.75761)
(-4.90695e-06 -9.29365e-06 5.55119)
(-3.21443e-06 -1.04923e-05 5.32447)
(-1.12585e-06 -1.12074e-05 5.08658)
(1.02431e-06 -1.11808e-05 4.84121)
(2.5323e-06 -1.20943e-05 4.58835)
(2.11585e-06 -1.81166e-05 4.32488)
(3.21216e-06 -1.72761e-05 4.04395)
(1.74318e-05 3.07244e-05 3.73433)
(5.51071e-05 0.000161834 3.36798)
(-0.000152712 -0.000555399 2.6591)
(6.01188e-05 0.000515674 2.46829)
(-6.13921e-05 -0.000165208 3.13127)
(-4.27529e-05 -4.2755e-05 3.47496)
(-3.62039e-05 1.5563e-06 3.76526)
(-3.62971e-05 1.21389e-06 4.02833)
(-3.66745e-05 -5.63183e-06 4.27486)
(-3.55273e-05 -7.67508e-06 4.51156)
(-3.36144e-05 -8.77473e-06 4.74212)
(-3.12358e-05 -1.04413e-05 4.96817)
(-2.82653e-05 -1.22721e-05 5.18959)
(-2.45359e-05 -1.37367e-05 5.40409)
(-2.01033e-05 -1.42653e-05 5.60637)
(-1.53623e-05 -1.32323e-05 5.78713)
(-1.13365e-05 -1.07734e-05 5.93324)
(-8.46475e-06 -7.74151e-06 6.03077)
(-6.78041e-06 -5.48253e-06 6.06852)
(-6.03523e-06 -4.92465e-06 6.03553)
(-5.76249e-06 -5.77181e-06 5.92685)
(-5.42632e-06 -6.7492e-06 5.75761)
(-4.6908e-06 -7.06976e-06 5.55119)
(-3.61966e-06 -6.67954e-06 5.32447)
(-2.4285e-06 -5.71625e-06 5.08657)
(-1.25089e-06 -4.26053e-06 4.8412)
(-4.4916e-07 -4.20616e-06 4.58834)
(-7.66568e-07 -9.84843e-06 4.32487)
(-1.11891e-07 -8.84698e-06 4.04394)
(8.5444e-06 4.01943e-05 3.73431)
(3.14581e-05 0.000174124 3.36797)
(-9.40013e-05 -0.000563415 2.65909)
(1.95689e-05 0.000519697 2.46829)
(-2.13409e-05 -0.000170454 3.13127)
(-1.52416e-05 -4.65301e-05 3.47496)
(-1.31968e-05 -1.59502e-06 3.76526)
(-1.33874e-05 -1.74538e-06 4.02833)
(-1.36852e-05 -8.33611e-06 4.27486)
(-1.349e-05 -9.89971e-06 4.51156)
(-1.30721e-05 -1.03181e-05 4.74212)
(-1.2563e-05 -1.10973e-05 4.96817)
(-1.19517e-05 -1.18736e-05 5.18959)
(-1.11674e-05 -1.23315e-05 5.40409)
(-1.0033e-05 -1.22301e-05 5.60637)
(-8.7519e-06 -1.13186e-05 5.78713)
(-7.44875e-06 -9.4028e-06 5.93324)
(-6.41362e-06 -6.948e-06 6.03077)
(-5.74971e-06 -5.04405e-06 6.06852)
(-5.48478e-06 -4.67152e-06 6.03553)
(-5.50644e-06 -5.53107e-06 5.92685)
(-5.65997e-06 -6.34704e-06 5.75761)
(-5.81885e-06 -6.40861e-06 5.55118)
(-5.97184e-06 -5.82835e-06 5.32446)
(-6.10392e-06 -4.8191e-06 5.08657)
(-6.153e-06 -3.39609e-06 4.8412)
(-6.17445e-06 -3.3995e-06 4.58834)
(-6.3985e-06 -9.15303e-06 4.32487)
(-6.12801e-06 -8.16307e-06 4.04394)
(-3.00981e-06 4.14824e-05 3.73432)
(5.07625e-06 0.00017709 3.36797)
(-3.59754e-05 -0.000570099 2.65909)
(-2.84675e-05 0.000519197 2.46829)
(1.0345e-05 -0.000171071 3.13127)
(3.33277e-06 -4.71953e-05 3.47496)
(6.98626e-07 -2.28733e-06 3.76526)
(5.50655e-07 -2.44686e-06 4.02833)
(7.33566e-07 -9.02859e-06 4.27486)
(6.19355e-07 -1.05645e-05 4.51156)
(4.32429e-07 -1.09372e-05 4.74212)
(2.32362e-07 -1.16557e-05 4.96817)
(-7.82691e-08 -1.23594e-05 5.18959)
(-6.38534e-07 -1.27296e-05 5.40408)
(-1.4819e-06 -1.25099e-05 5.60637)
(-2.62555e-06 -1.14653e-05 5.78713)
(-3.67189e-06 -9.42817e-06 5.93324)
(-4.37448e-06 -6.91103e-06 6.03077)
(-4.73444e-06 -4.99996e-06 6.06852)
(-4.96485e-06 -4.69539e-06 6.03553)
(-5.30914e-06 -5.68208e-06 5.92685)
(-5.96151e-06 -6.67877e-06 5.75761)
(-6.88035e-06 -6.96054e-06 5.55118)
(-7.85411e-06 -6.61348e-06 5.32446)
(-8.68787e-06 -5.81432e-06 5.08657)
(-9.30298e-06 -4.55079e-06 4.8412)
(-9.58901e-06 -4.65337e-06 4.58835)
(-9.3177e-06 -1.04492e-05 4.32487)
(-9.20177e-06 -9.45332e-06 4.04394)
(-1.15893e-05 4.02404e-05 3.73432)
(-1.85265e-05 0.000175943 3.36797)
(2.49801e-05 -0.000571027 2.65909)
(-7.02507e-05 0.000513953 2.46829)
(4.89031e-05 -0.000167326 3.13127)
(2.92541e-05 -4.50352e-05 3.47496)
(2.20697e-05 -8.12279e-07 3.76526)
(2.18169e-05 -1.18155e-06 4.02833)
(2.21016e-05 -7.99232e-06 4.27486)
(2.10779e-05 -9.93701e-06 4.51156)
(1.94487e-05 -1.08751e-05 4.74212)
(1.74366e-05 -1.23201e-05 4.96817)
(1.48362e-05 -1.38739e-05 5.18959)
(1.14338e-05 -1.50056e-05 5.40409)
(7.34818e-06 -1.50576e-05 5.60637)
(3.07259e-06 -1.36185e-05 5.78713)
(-4.28626e-07 -1.07851e-05 5.93324)
(-2.68786e-06 -7.57816e-06 6.03077)
(-3.8787e-06 -5.30999e-06 6.06852)
(-4.43772e-06 -4.95758e-06 6.03553)
(-4.93646e-06 -6.17116e-06 5.92685)
(-5.90681e-06 -7.64504e-06 5.75761)
(-7.48257e-06 -8.54196e-06 5.55118)
(-9.37706e-06 -8.7382e-06 5.32446)
(-1.12138e-05 -8.28602e-06 5.08657)
(-1.27776e-05 -7.19998e-06 4.8412)
(-1.36813e-05 -7.35713e-06 4.58835)
(-1.31892e-05 -1.30714e-05 4.32487)
(-1.34036e-05 -1.20294e-05 4.04394)
(-2.13455e-05 3.71486e-05 3.73432)
(-4.32026e-05 0.000171322 3.36797)
(8.44273e-05 -0.000565682 2.65909)
(-0.000111245 0.000490261 2.46828)
(8.69817e-05 -0.000176997 3.13126)
(5.51274e-05 -5.95858e-05 3.47495)
(4.36965e-05 -1.79775e-05 3.76525)
(4.35755e-05 -1.96459e-05 4.02832)
(4.41637e-05 -2.73467e-05 4.27485)
(4.23328e-05 -2.99068e-05 4.51155)
(3.91338e-05 -3.08655e-05 4.74211)
(3.48282e-05 -3.14385e-05 4.96817)
(2.90871e-05 -3.10099e-05 5.18958)
(2.18601e-05 -2.89951e-05 5.40408)
(1.38881e-05 -2.51357e-05 5.60636)
(6.69405e-06 -1.96407e-05 5.78712)
(1.4023e-06 -1.37591e-05 5.93323)
(-1.74193e-06 -8.79831e-06 6.03077)
(-3.31633e-06 -5.79925e-06 6.06852)
(-3.90134e-06 -5.29675e-06 6.03553)
(-4.21436e-06 -6.80019e-06 5.92685)
(-4.99732e-06 -9.04864e-06 5.75761)
(-6.5891e-06 -1.12315e-05 5.55119)
(-8.83834e-06 -1.30399e-05 5.32447)
(-1.13389e-05 -1.4202e-05 5.08658)
(-1.37042e-05 -1.44606e-05 4.84121)
(-1.51986e-05 -1.55159e-05 4.58835)
(-1.45438e-05 -2.15615e-05 4.32488)
(-1.51856e-05 -2.06464e-05 4.04395)
(-2.87251e-05 2.75166e-05 3.73433)
(-6.54324e-05 0.000158888 3.36798)
(0.000144315 -0.000557808 2.6591)
(-0.000188633 0.000441015 2.46827)
(7.88518e-05 -0.000208096 3.13125)
(3.29427e-05 -9.86927e-05 3.47493)
(1.69964e-05 -6.1093e-05 3.76523)
(1.81154e-05 -6.42826e-05 4.02831)
(2.14299e-05 -7.24174e-05 4.27484)
(2.23727e-05 -7.4532e-05 4.51154)
(2.21361e-05 -7.35968e-05 4.74211)
(2.09046e-05 -7.01748e-05 4.96816)
(1.82019e-05 -6.32078e-05 5.18957)
(1.39535e-05 -5.24961e-05 5.40407)
(8.82603e-06 -3.95094e-05 5.60636)
(4.01154e-06 -2.67628e-05 5.78712)
(2.91098e-07 -1.65759e-05 5.93323)
(-2.03158e-06 -9.6851e-06 6.03076)
(-3.15417e-06 -5.99766e-06 6.06852)
(-3.32776e-06 -5.36984e-06 6.03553)
(-2.98632e-06 -7.05824e-06 5.92685)
(-2.72557e-06 -9.85747e-06 5.75762)
(-2.68556e-06 -1.30504e-05 5.55119)
(-2.75502e-06 -1.62666e-05 5.32447)
(-2.92704e-06 -1.88723e-05 5.08658)
(-3.33086e-06 -2.0224e-05 4.84122)
(-3.30186e-06 -2.18167e-05 4.58836)
(-1.13192e-06 -2.77628e-05 4.32489)
(-1.5263e-06 -2.67102e-05 4.04396)
(-2.04802e-05 1.9986e-05 3.73434)
(-7.2257e-05 0.000146915 3.36799)
(0.000214563 -0.000540777 2.65911)
(-0.000281928 0.000416714 2.46828)
(4.66005e-05 -0.00019711 3.13126)
(-1.51254e-05 -9.23428e-05 3.47495)
(-3.7129e-05 -5.52739e-05 3.76525)
(-3.6089e-05 -5.65238e-05 4.02832)
(-3.09069e-05 -6.2279e-05 4.27485)
(-2.73372e-05 -6.24301e-05 4.51155)
(-2.37062e-05 -6.02139e-05 4.74211)
(-1.94322e-05 -5.66597e-05 4.96817)
(-1.4783e-05 -5.11041e-05 5.18958)
(-1.01486e-05 -4.31974e-05 5.40408)
(-6.22156e-06 -3.35227e-05 5.60636)
(-3.78108e-06 -2.34965e-05 5.78712)
(-3.05305e-06 -1.49486e-05 5.93323)
(-3.23486e-06 -8.8222e-06 6.03077)
(-3.34985e-06 -5.42713e-06 6.06852)
(-2.86866e-06 -4.92276e-06 6.03553)
(-1.78611e-06 -6.55721e-06 5.92685)
(-5.93121e-07 -9.02652e-06 5.75761)
(5.50023e-07 -1.13223e-05 5.55119)
(1.63564e-06 -1.29704e-05 5.32447)
(2.50498e-06 -1.37441e-05 5.08658)
(2.95361e-06 -1.35544e-05 4.84121)
(3.78795e-06 -1.40736e-05 4.58836)
(7.10898e-06 -1.91847e-05 4.32488)
(6.91574e-06 -1.80347e-05 4.04395)
(-1.70489e-05 2.6055e-05 3.73433)
(-8.28599e-05 0.000145841 3.36798)
(0.000278402 -0.000506875 2.6591)
(-0.000330737 0.000408507 2.4683)
(6.26376e-05 -0.000158035 3.13128)
(-1.16334e-05 -5.78079e-05 3.47496)
(-3.88775e-05 -2.13488e-05 3.76526)
(-3.90082e-05 -2.11006e-05 4.02833)
(-3.4532e-05 -2.56068e-05 4.27486)
(-3.21595e-05 -2.56425e-05 4.51156)
(-2.96526e-05 -2.45518e-05 4.74212)
(-2.60614e-05 -2.3716e-05 4.96818)
(-2.15697e-05 -2.28942e-05 5.18959)
(-1.64303e-05 -2.15425e-05 5.40409)
(-1.12944e-05 -1.90778e-05 5.60637)
(-7.23289e-06 -1.52799e-05 5.78713)
(-4.95309e-06 -1.07763e-05 5.93324)
(-4.08268e-06 -6.74188e-06 6.03077)
(-3.55132e-06 -4.27294e-06 6.06852)
(-2.5307e-06 -4.09222e-06 6.03553)
(-8.75661e-07 -5.69933e-06 5.92685)
(8.91598e-07 -7.91439e-06 5.75761)
(2.48025e-06 -9.82757e-06 5.55118)
(3.79677e-06 -1.11141e-05 5.32447)
(4.66187e-06 -1.16428e-05 5.08657)
(4.90623e-06 -1.13052e-05 4.8412)
(5.58632e-06 -1.16434e-05 4.58835)
(9.27943e-06 -1.63011e-05 4.32488)
(8.82939e-06 -1.51858e-05 4.04395)
(-2.00006e-05 2.58746e-05 3.73432)
(-9.88403e-05 0.00013739 3.36798)
(0.000333253 -0.000471121 2.6591)
(-0.000359992 0.000382032 2.46829)
(9.72473e-05 -0.000134172 3.13128)
(1.32212e-05 -4.19167e-05 3.47496)
(-1.75993e-05 -8.35656e-06 3.76526)
(-1.7982e-05 -8.21094e-06 4.02833)
(-1.37818e-05 -1.2662e-05 4.27486)
(-1.27034e-05 -1.32105e-05 4.51156)
(-1.22053e-05 -1.28391e-05 4.74212)
(-1.13015e-05 -1.27555e-05 4.96818)
(-1.01812e-05 -1.27211e-05 5.18959)
(-8.90549e-06 -1.24241e-05 5.40409)
(-7.42417e-06 -1.15491e-05 5.60637)
(-5.92028e-06 -9.79764e-06 5.78713)
(-4.80323e-06 -7.23434e-06 5.93324)
(-4.19431e-06 -4.60727e-06 6.03077)
(-3.54653e-06 -2.94973e-06 6.06852)
(-2.19354e-06 -3.04961e-06 6.03553)
(-1.39159e-07 -4.60395e-06 5.92685)
(1.91328e-06 -6.54284e-06 5.75761)
(3.48794e-06 -8.00565e-06 5.55118)
(4.50512e-06 -8.70765e-06 5.32446)
(4.95352e-06 -8.65604e-06 5.08657)
(4.79486e-06 -7.91749e-06 4.8412)
(5.29437e-06 -7.97064e-06 4.58835)
(9.39811e-06 -1.21314e-05 4.32487)
(8.82748e-06 -1.11329e-05 4.04394)
(-2.43508e-05 2.6295e-05 3.73432)
(-0.000115043 0.000128041 3.36797)
(0.000382763 -0.000428836 2.65909)
(0.000343644 -0.000372704 2.46829)
(-0.000117939 0.000146234 3.13127)
(-3.60741e-05 5.54365e-05 3.47496)
(-6.94373e-06 2.31062e-05 3.76526)
(-7.96791e-06 2.40764e-05 4.02833)
(-1.3355e-05 2.95364e-05 4.27485)
(-1.54174e-05 3.09206e-05 4.51156)
(-1.66779e-05 3.10684e-05 4.74212)
(-1.80474e-05 3.09693e-05 4.96817)
(-1.91452e-05 3.01369e-05 5.18959)
(-1.95308e-05 2.81087e-05 5.40408)
(-1.88021e-05 2.4723e-05 5.60637)
(-1.66942e-05 2.01957e-05 5.78713)
(-1.33555e-05 1.50867e-05 5.93324)
(-9.91363e-06 1.05726e-05 6.03077)
(-7.42042e-06 7.51803e-06 6.06853)
(-6.50332e-06 6.3709e-06 6.03554)
(-6.96533e-06 6.74255e-06 5.92687)
(-7.87342e-06 7.4707e-06 5.75763)
(-8.63177e-06 7.77381e-06 5.5512)
(-9.09035e-06 7.48674e-06 5.32448)
(-9.17007e-06 6.68194e-06 5.08659)
(-8.76764e-06 5.42864e-06 4.84122)
(-9.08501e-06 5.17618e-06 4.58836)
(-1.30234e-05 9.19876e-06 4.32489)
(-1.22743e-05 8.19166e-06 4.04396)
(2.11171e-05 -2.91386e-05 3.73433)
(0.000112083 -0.000130679 3.36799)
(-0.000385112 0.000426656 2.6591)
(0.000298241 -0.000398741 2.46828)
(-0.000103056 0.000171195 3.13126)
(-3.23292e-05 7.3004e-05 3.47495)
(-7.47612e-06 3.84654e-05 3.76525)
(-8.89314e-06 4.01371e-05 4.02832)
(-1.41453e-05 4.64967e-05 4.27485)
(-1.64814e-05 4.81048e-05 4.51156)
(-1.79764e-05 4.79291e-05 4.74212)
(-1.92821e-05 4.68504e-05 4.96817)
(-1.99693e-05 4.41448e-05 5.18958)
(-1.9703e-05 3.93045e-05 5.40408)
(-1.83608e-05 3.25486e-05 5.60636)
(-1.59491e-05 2.48497e-05 5.78712)
(-1.26325e-05 1.74394e-05 5.93324)
(-9.35699e-06 1.16419e-05 6.03077)
(-6.99196e-06 8.03598e-06 6.06853)
(-6.07487e-06 6.77841e-06 6.03554)
(-6.45889e-06 7.2978e-06 5.92687)
(-7.41699e-06 8.3309e-06 5.75763)
(-8.51913e-06 9.08653e-06 5.55121)
(-9.56952e-06 9.3786e-06 5.32449)
(-1.03042e-05 9.14445e-06 5.0866)
(-1.04677e-05 8.28583e-06 4.84123)
(-1.10567e-05 8.31953e-06 4.58837)
(-1.46135e-05 1.28476e-05 4.3249)
(-1.39616e-05 1.17405e-05 4.04396)
(1.51524e-05 -2.91964e-05 3.73434)
(9.43895e-05 -0.000140469 3.36799)
(-0.000336828 0.000468587 2.65911)
(0.000247653 -0.000425535 2.46828)
(-8.83936e-05 0.000186941 3.13125)
(-2.96032e-05 8.19924e-05 3.47494)
(-9.11419e-06 4.52551e-05 3.76524)
(-1.05601e-05 4.7301e-05 4.02831)
(-1.51832e-05 5.42742e-05 4.27485)
(-1.73375e-05 5.60029e-05 4.51155)
(-1.87765e-05 5.5645e-05 4.74211)
(-2.00834e-05 5.41488e-05 4.96817)
(-2.08981e-05 5.07505e-05 5.18958)
(-2.07884e-05 4.4876e-05 5.40408)
(-1.9344e-05 3.67249e-05 5.60636)
(-1.64494e-05 2.74827e-05 5.78712)
(-1.25845e-05 1.87916e-05 5.93324)
(-9.01829e-06 1.22331e-05 6.03077)
(-6.55936e-06 8.30747e-06 6.06853)
(-5.54762e-06 7.02902e-06 6.03554)
(-5.72561e-06 7.73748e-06 5.92687)
(-6.45668e-06 9.13193e-06 5.75763)
(-7.42955e-06 1.0363e-05 5.55121)
(-8.52413e-06 1.11012e-05 5.32449)
(-9.47612e-06 1.11831e-05 5.0866)
(-9.9855e-06 1.05303e-05 4.84123)
(-1.08039e-05 1.07867e-05 4.58838)
(-1.40073e-05 1.5795e-05 4.3249)
(-1.35836e-05 1.46678e-05 4.04397)
(1.07355e-05 -2.92926e-05 3.73435)
(7.70605e-05 -0.000148838 3.368)
(-0.000283081 0.000504416 2.65911)
(0.000169364 -0.000448978 2.46827)
(-0.000102309 0.000198424 3.13125)
(-5.80375e-05 8.84112e-05 3.47494)
(-4.29476e-05 5.05838e-05 3.76524)
(-4.43194e-05 5.38751e-05 4.02831)
(-4.7385e-05 6.24437e-05 4.27484)
(-4.76809e-05 6.53388e-05 4.51155)
(-4.65116e-05 6.55455e-05 4.74211)
(-4.41452e-05 6.36367e-05 4.96816)
(-4.0101e-05 5.85337e-05 5.18958)
(-3.41872e-05 4.99147e-05 5.40408)
(-2.69409e-05 3.89663e-05 5.60636)
(-1.9566e-05 2.79084e-05 5.78712)
(-1.32211e-05 1.85495e-05 5.93323)
(-8.71322e-06 1.19459e-05 6.03077)
(-5.9959e-06 8.14671e-06 6.06853)
(-4.83144e-06 7.03279e-06 6.03554)
(-4.65337e-06 7.9735e-06 5.92687)
(-4.7787e-06 9.848e-06 5.75764)
(-4.91001e-06 1.2118e-05 5.55122)
(-5.05764e-06 1.45573e-05 5.3245)
(-5.10183e-06 1.65957e-05 5.08661)
(-4.83133e-06 1.75836e-05 4.84124)
(-4.86848e-06 1.898e-05 4.58838)
(-6.90821e-06 2.48595e-05 4.32491)
(-6.24293e-06 2.38411e-05 4.04398)
(1.313e-05 -2.27358e-05 3.73435)
(6.55132e-05 -0.000149455 3.36801)
(-0.000220011 0.0005387 2.65912)
(0.000100343 -0.000493389 2.46828)
(-0.000100345 0.000173168 3.13126)
(-6.9508e-05 5.54981e-05 3.47495)
(-5.86797e-05 1.37812e-05 3.76525)
(-5.88456e-05 1.54717e-05 4.02832)
(-5.9458e-05 2.33286e-05 4.27485)
(-5.74451e-05 2.61829e-05 4.51155)
(-5.39276e-05 2.75697e-05 4.74211)
(-4.9238e-05 2.86921e-05 4.96817)
(-4.30811e-05 2.89236e-05 5.18958)
(-3.53642e-05 2.7685e-05 5.40408)
(-2.67199e-05 2.47253e-05 5.60636)
(-1.84283e-05 2.01522e-05 5.78712)
(-1.19209e-05 1.49988e-05 5.93324)
(-7.5726e-06 1.04354e-05 6.03077)
(-5.08481e-06 7.50318e-06 6.06853)
(-3.97659e-06 6.70983e-06 6.03554)
(-3.50987e-06 7.62576e-06 5.92687)
(-2.89249e-06 9.09884e-06 5.75764)
(-1.62977e-06 1.04842e-05 5.55121)
(2.69917e-07 1.16149e-05 5.32449)
(2.48578e-06 1.2279e-05 5.0866)
(4.69025e-06 1.22182e-05 4.84123)
(6.18045e-06 1.31041e-05 4.58837)
(5.68165e-06 1.90955e-05 4.3249)
(6.63549e-06 1.82138e-05 4.04397)
(2.06484e-05 -2.98437e-05 3.73434)
(5.80325e-05 -0.000161033 3.36799)
(-0.000150296 0.000556066 2.65911)
(6.24809e-05 -0.000515273 2.46829)
(-5.8466e-05 0.000165705 3.13127)
(-3.95777e-05 4.32973e-05 3.47496)
(-3.28645e-05 -9.82077e-07 3.76526)
(-3.286e-05 -6.16694e-07 4.02833)
(-3.32005e-05 6.245e-06 4.27486)
(-3.20714e-05 8.29903e-06 4.51156)
(-3.02201e-05 9.40651e-06 4.74212)
(-2.7926e-05 1.10815e-05 4.96817)
(-2.50372e-05 1.29275e-05 5.18959)
(-2.13646e-05 1.44228e-05 5.40408)
(-1.69526e-05 1.50098e-05 5.60636)
(-1.22532e-05 1.40749e-05 5.78713)
(-8.24322e-06 1.1778e-05 5.93324)
(-5.43876e-06 8.92997e-06 6.03077)
(-3.84483e-06 6.82044e-06 6.06853)
(-3.15351e-06 6.30756e-06 6.03554)
(-2.82503e-06 7.08335e-06 5.92687)
(-2.30218e-06 7.93713e-06 5.75763)
(-1.30431e-06 8.16882e-06 5.55121)
(3.3039e-08 7.77246e-06 5.32449)
(1.44258e-06 6.8649e-06 5.0866)
(2.7651e-06 5.47585e-06 4.84122)
(3.62817e-06 5.46413e-06 4.58837)
(3.28819e-06 1.11143e-05 4.32489)
(3.83732e-06 1.00868e-05 4.04396)
(1.22997e-05 -3.90132e-05 3.73433)
(3.49094e-05 -0.000173042 3.36798)
(-9.11407e-05 0.000564294 2.6591)
(2.27243e-05 -0.000519518 2.46829)
(-1.74459e-05 0.000170678 3.13127)
(-1.10275e-05 4.67756e-05 3.47496)
(-8.78013e-06 1.85917e-06 3.76526)
(-8.85892e-06 2.02718e-06 4.02833)
(-9.12597e-06 8.63704e-06 4.27486)
(-8.97038e-06 1.02237e-05 4.51156)
(-8.6447e-06 1.06715e-05 4.74212)
(-8.25294e-06 1.14893e-05 4.96817)
(-7.75259e-06 1.23184e-05 5.18959)
(-7.05104e-06 1.28546e-05 5.40408)
(-6.02726e-06 1.2864e-05 5.60636)
(-4.80663e-06 1.21304e-05 5.78713)
(-3.63403e-06 1.04527e-05 5.93324)
(-2.80255e-06 8.23139e-06 6.03077)
(-2.40316e-06 6.51112e-06 6.06853)
(-2.34645e-06 6.14767e-06 6.03554)
(-2.44063e-06 6.85452e-06 5.92687)
(-2.48096e-06 7.42154e-06 5.75763)
(-2.37218e-06 7.22689e-06 5.55121)
(-2.17268e-06 6.4447e-06 5.32449)
(-1.95177e-06 5.30166e-06 5.08659)
(-1.71642e-06 3.80037e-06 4.84122)
(-1.55919e-06 3.76085e-06 4.58837)
(-1.72102e-06 9.48929e-06 4.32489)
(-1.50543e-06 8.48033e-06 4.04396)
(1.43598e-06 -4.11852e-05 3.73433)
(9.19959e-06 -0.000176818 3.36798)
(-3.25505e-05 0.000570325 2.6591)
(-2.41116e-05 -0.00051944 2.46829)
(1.57024e-05 0.000170776 3.13127)
(9.1115e-06 4.68835e-05 3.47496)
(6.73371e-06 1.97436e-06 3.76526)
(6.71421e-06 2.14786e-06 4.02833)
(6.91466e-06 8.76141e-06 4.27486)
(6.72581e-06 1.035e-05 4.51156)
(6.40012e-06 1.07978e-05 4.74212)
(6.03449e-06 1.16144e-05 4.96817)
(5.56779e-06 1.24426e-05 5.18959)
(4.87776e-06 1.29795e-05 5.40408)
(3.84473e-06 1.29897e-05 5.60636)
(2.51445e-06 1.2263e-05 5.78713)
(1.13385e-06 1.05963e-05 5.93324)
(-2.0374e-08 8.39131e-06 6.03077)
(-8.92647e-07 6.69562e-06 6.06853)
(-1.555e-06 6.36209e-06 6.03554)
(-2.16905e-06 7.10797e-06 5.92687)
(-2.87626e-06 7.71921e-06 5.75763)
(-3.67417e-06 7.56565e-06 5.55121)
(-4.43033e-06 6.81693e-06 5.32449)
(-5.03097e-06 5.69665e-06 5.08659)
(-5.45597e-06 4.20621e-06 4.84122)
(-5.62623e-06 4.16684e-06 4.58836)
(-5.32545e-06 9.88673e-06 4.32489)
(-5.27075e-06 8.86195e-06 4.04396)
(-7.8173e-06 -4.08262e-05 3.73433)
(-1.50334e-05 -0.000176491 3.36798)
(2.78819e-05 0.000570588 2.6591)
(-6.38773e-05 -0.000515037 2.46829)
(5.67117e-05 0.000166005 3.13127)
(3.76501e-05 4.3626e-05 3.47496)
(3.08059e-05 -6.31281e-07 3.76526)
(3.07029e-05 -2.49322e-07 4.02833)
(3.09772e-05 6.62343e-06 4.27486)
(2.98156e-05 8.68272e-06 4.51156)
(2.79655e-05 9.78992e-06 4.74212)
(2.56991e-05 1.14608e-05 4.96817)
(2.2847e-05 1.33029e-05 5.18959)
(1.91918e-05 1.47991e-05 5.40408)
(1.47437e-05 1.53951e-05 5.60636)
(9.96081e-06 1.44751e-05 5.78712)
(5.74209e-06 1.22142e-05 5.93324)
(2.6193e-06 9.41338e-06 6.03077)
(5.60045e-07 7.37588e-06 6.06853)
(-7.26418e-07 6.94983e-06 6.03554)
(-1.75126e-06 7.8417e-06 5.92687)
(-3.0083e-06 8.82798e-06 5.75763)
(-4.68396e-06 9.18267e-06 5.55121)
(-6.57048e-06 8.88617e-06 5.32449)
(-8.35649e-06 8.04688e-06 5.08659)
(-9.86971e-06 6.69112e-06 4.84122)
(-1.07498e-05 6.68083e-06 4.58836)
(-1.02763e-05 1.23063e-05 4.32489)
(-1.05609e-05 1.12321e-05 4.04396)
(-1.86341e-05 -3.79354e-05 3.73433)
(-4.07021e-05 -0.000172057 3.36798)
(8.6504e-05 0.000565084 2.6591)
(-0.000101765 -0.000492985 2.46828)
(9.85607e-05 0.000173685 3.13126)
(6.75479e-05 5.60644e-05 3.47495)
(5.65874e-05 1.43852e-05 3.76525)
(5.6655e-05 1.61037e-05 4.02832)
(5.72028e-05 2.39789e-05 4.27485)
(5.51609e-05 2.68411e-05 4.51155)
(5.165e-05 2.82258e-05 4.74211)
(4.69939e-05 2.93393e-05 4.96817)
(4.0877e-05 2.95625e-05 5.18958)
(3.31811e-05 2.83228e-05 5.40408)
(2.45039e-05 2.53748e-05 5.60636)
(1.61384e-05 2.08478e-05 5.78712)
(9.41761e-06 1.57304e-05 5.93323)
(4.75941e-06 1.1244e-05 6.03077)
(1.82233e-06 8.42653e-06 6.06852)
(1.39875e-07 7.77673e-06 6.03554)
(-9.98965e-07 8.88391e-06 5.92687)
(-2.32357e-06 1.05727e-05 5.75763)
(-4.23582e-06 1.21618e-05 5.55121)
(-6.65765e-06 1.34575e-05 5.32449)
(-9.23735e-06 1.42341e-05 5.0866)
(-1.16374e-05 1.42307e-05 4.84123)
(-1.31559e-05 1.51228e-05 4.58837)
(-1.25364e-05 2.10768e-05 4.3249)
(-1.32383e-05 2.01201e-05 4.04396)
(-2.68744e-05 -2.80479e-05 3.73434)
(-6.37298e-05 -0.000159391 3.36799)
(0.000145734 0.000557388 2.65911)
(-0.000170816 -0.000448393 2.46827)
(0.000100495 0.000199178 3.13125)
(5.60447e-05 8.92381e-05 3.47493)
(4.08213e-05 5.1465e-05 3.76524)
(4.20943e-05 5.47967e-05 4.02831)
(4.5095e-05 6.33917e-05 4.27484)
(4.53621e-05 6.62984e-05 4.51155)
(4.42002e-05 6.65017e-05 4.74211)
(4.18703e-05 6.45782e-05 4.96816)
(3.78708e-05 5.94594e-05 5.18957)
(3.19818e-05 5.08357e-05 5.40407)
(2.47131e-05 3.99019e-05 5.60636)
(1.72337e-05 2.88903e-05 5.78712)
(1.07156e-05 1.95953e-05 5.93323)
(5.90364e-06 1.3093e-05 6.03077)
(2.75904e-06 9.43926e-06 6.06852)
(1.05921e-06 8.51892e-06 6.03554)
(2.5769e-07 9.71617e-06 5.92687)
(-2.7784e-07 1.18831e-05 5.75763)
(-7.52914e-07 1.44312e-05 5.55121)
(-1.11361e-06 1.71041e-05 5.32449)
(-1.43197e-06 1.93051e-05 5.0866)
(-1.89809e-06 2.0378e-05 4.84123)
(-1.89451e-06 2.17881e-05 4.58838)
(2.56151e-07 2.76201e-05 4.32491)
(-1.70292e-07 2.65008e-05 4.04398)
(-1.91819e-05 -2.02278e-05 3.73435)
(-7.10546e-05 -0.00014716 3.368)
(0.000215575 0.000540554 2.65912)
(-0.000249144 -0.000424741 2.46828)
(8.65403e-05 0.000187969 3.13125)
(2.75689e-05 8.31179e-05 3.47494)
(6.9452e-06 4.6453e-05 3.76524)
(8.29203e-06 4.85523e-05 4.02831)
(1.28508e-05 5.55599e-05 4.27484)
(1.49774e-05 5.73024e-05 4.51155)
(1.64253e-05 5.6938e-05 4.74211)
(1.7771e-05 5.542e-05 4.96816)
(1.86353e-05 5.1996e-05 5.18958)
(1.85549e-05 4.61099e-05 5.40408)
(1.70933e-05 3.79735e-05 5.60636)
(1.41015e-05 2.87861e-05 5.78712)
(1.00707e-05 2.01683e-05 5.93323)
(6.21344e-06 1.37284e-05 6.03077)
(3.35035e-06 9.97056e-06 6.06852)
(1.8485e-06 8.92391e-06 6.03554)
(1.46348e-06 9.94414e-06 5.92687)
(1.59503e-06 1.17062e-05 5.75763)
(2.00891e-06 1.32902e-05 5.55121)
(2.63842e-06 1.43202e-05 5.32449)
(3.25076e-06 1.46126e-05 5.0866)
(3.5728e-06 1.4074e-05 4.84123)
(4.35528e-06 1.43537e-05 4.58837)
(7.65965e-06 1.93065e-05 4.3249)
(7.45941e-06 1.80547e-05 4.04397)
(-1.65185e-05 -2.60965e-05 3.73434)
(-8.23587e-05 -0.000145912 3.36799)
(0.000278845 0.000506787 2.65911)
(-0.000299805 -0.00039768 2.46828)
(0.000101129 0.000172568 3.13126)
(3.02158e-05 7.4504e-05 3.47495)
(5.22617e-06 4.00593e-05 3.76525)
(6.54534e-06 4.17986e-05 4.02832)
(1.1737e-05 4.81995e-05 4.27485)
(1.40509e-05 4.98216e-05 4.51155)
(1.55615e-05 4.96337e-05 4.74211)
(1.6913e-05 4.85236e-05 4.96817)
(1.7656e-05 4.57824e-05 5.18958)
(1.74259e-05 4.09222e-05 5.40408)
(1.60728e-05 3.41761e-05 5.60636)
(1.35703e-05 2.65311e-05 5.78712)
(1.00935e-05 1.91899e-05 5.93323)
(6.5398e-06 1.35126e-05 6.03077)
(3.80082e-06 1.00785e-05 6.06852)
(2.45158e-06 9.06755e-06 6.03554)
(2.34918e-06 9.93747e-06 5.92686)
(2.79022e-06 1.14001e-05 5.75762)
(3.40072e-06 1.25806e-05 5.5512)
(4.03864e-06 1.32262e-05 5.32448)
(4.46553e-06 1.32502e-05 5.08659)
(4.45432e-06 1.25382e-05 4.84122)
(5.00589e-06 1.26088e-05 4.58836)
(8.65232e-06 1.70772e-05 4.32489)
(8.20497e-06 1.58251e-05 4.04396)
(-2.0593e-05 -2.53382e-05 3.73434)
(-9.93778e-05 -0.000136934 3.36799)
(0.000332847 0.000471457 2.6591)
(-0.000345256 -0.000371335 2.46829)
(0.000115973 0.000147999 3.13127)
(3.39201e-05 5.73626e-05 3.47496)
(4.65466e-06 2.51475e-05 3.76526)
(5.58475e-06 2.61977e-05 4.02833)
(1.09165e-05 3.17028e-05 4.27485)
(1.29614e-05 3.30965e-05 4.51156)
(1.42398e-05 3.32211e-05 4.74212)
(1.5652e-05 3.30771e-05 4.96817)
(1.67955e-05 3.21987e-05 5.18958)
(1.72069e-05 3.01443e-05 5.40408)
(1.64589e-05 2.67684e-05 5.60636)
(1.42567e-05 2.22979e-05 5.78713)
(1.07609e-05 1.72515e-05 5.93324)
(7.05785e-06 1.28468e-05 6.03077)
(4.22847e-06 9.94787e-06 6.06852)
(2.94809e-06 9.03838e-06 6.03553)
(3.01883e-06 9.77778e-06 5.92686)
(3.51546e-06 1.098e-05 5.75762)
(3.87327e-06 1.17703e-05 5.55119)
(3.98363e-06 1.18999e-05 5.32447)
(3.80314e-06 1.13973e-05 5.08658)
(3.24718e-06 1.03215e-05 4.84121)
(3.5284e-06 1.01227e-05 4.58836)
(7.54428e-06 1.40866e-05 4.32488)
(6.97764e-06 1.29205e-05 4.04395)
(-2.61286e-05 -2.46655e-05 3.73433)
(-0.000116683 -0.000126577 3.36798)
(0.000381453 0.000429994 2.6591)
(-0.000396763 0.000343552 2.46829)
(0.000116213 -0.000117288 3.13127)
(2.26613e-05 -3.46465e-05 3.47496)
(-1.16342e-05 -4.51763e-06 3.76526)
(-1.21001e-05 -4.28223e-06 4.02833)
(-7.64977e-06 -8.16077e-06 4.27486)
(-6.88317e-06 -8.53182e-06 4.51156)
(-6.91898e-06 -8.04663e-06 4.74212)
(-6.60951e-06 -7.80078e-06 4.96818)
(-6.14893e-06 -7.64258e-06 5.18959)
(-5.65147e-06 -7.39926e-06 5.40409)
(-5.10337e-06 -6.90777e-06 5.60637)
(-4.56481e-06 -5.9257e-06 5.78713)
(-4.19531e-06 -4.36254e-06 5.93324)
(-3.95789e-06 -2.6415e-06 6.03077)
(-3.36968e-06 -1.59766e-06 6.06852)
(-1.82298e-06 -1.92009e-06 6.03553)
(5.31865e-07 -3.47299e-06 5.92685)
(2.79734e-06 -5.41002e-06 5.7576)
(4.28202e-06 -7.09038e-06 5.55118)
(4.84966e-06 -8.27368e-06 5.32446)
(4.62447e-06 -8.85682e-06 5.08656)
(3.7507e-06 -8.7782e-06 4.84119)
(3.74942e-06 -9.29442e-06 4.58834)
(7.94546e-06 -1.33477e-05 4.32487)
(7.06932e-06 -1.26554e-05 4.04394)
(-3.01458e-05 2.0725e-05 3.73431)
(-0.000131566 0.000111722 3.36797)
(0.000425936 -0.000385535 2.65909)
(-0.000430455 0.000299792 2.46829)
(0.000131413 -0.000100124 3.13127)
(2.93953e-05 -2.82401e-05 3.47496)
(-7.95639e-06 -2.01483e-06 3.76526)
(-8.42026e-06 -1.79038e-06 4.02833)
(-3.60792e-06 -5.1655e-06 4.27486)
(-2.91647e-06 -5.50473e-06 4.51156)
(-3.18819e-06 -5.09032e-06 4.74212)
(-3.17184e-06 -4.85433e-06 4.96818)
(-3.09939e-06 -4.65705e-06 5.18959)
(-3.11878e-06 -4.36972e-06 5.40409)
(-3.20365e-06 -3.91707e-06 5.60637)
(-3.33023e-06 -3.17506e-06 5.78713)
(-3.51213e-06 -2.07783e-06 5.93324)
(-3.59814e-06 -8.98298e-07 6.03077)
(-3.09376e-06 -2.62759e-07 6.06852)
(-1.39276e-06 -7.03306e-07 6.03553)
(1.32038e-06 -2.16377e-06 5.92684)
(4.11417e-06 -4.054e-06 5.7576)
(6.27819e-06 -5.99093e-06 5.55117)
(7.61516e-06 -7.75876e-06 5.32446)
(8.0859e-06 -9.06366e-06 5.08656)
(7.66769e-06 -9.64958e-06 4.84119)
(7.95909e-06 -1.05337e-05 4.58834)
(1.263e-05 -1.429e-05 4.32487)
(1.15991e-05 -1.37693e-05 4.04394)
(-2.92961e-05 1.52655e-05 3.73432)
(-0.000140544 9.44671e-05 3.36797)
(0.000468525 -0.000336906 2.65909)
(-0.000460461 0.000251654 2.46829)
(0.00014285 -8.24075e-05 3.13127)
(3.34969e-05 -2.22058e-05 3.47496)
(-6.52547e-06 -2.05537e-07 3.76526)
(-7.01382e-06 3.50282e-08 4.02833)
(-1.88708e-06 -2.75294e-06 4.27486)
(-1.22266e-06 -3.01725e-06 4.51156)
(-1.61897e-06 -2.65892e-06 4.74212)
(-1.71596e-06 -2.44785e-06 4.96818)
(-1.75037e-06 -2.25626e-06 5.18959)
(-1.88913e-06 -1.96914e-06 5.40409)
(-2.13446e-06 -1.53614e-06 5.60637)
(-2.48156e-06 -9.04129e-07 5.78713)
(-2.90977e-06 -7.82527e-08 5.93324)
(-3.1902e-06 7.25146e-07 6.03077)
(-2.76173e-06 1.0819e-06 6.06852)
(-9.70511e-07 6.14389e-07 6.03552)
(2.03524e-06 -5.66482e-07 5.92684)
(5.34682e-06 -2.0301e-06 5.7576)
(8.21782e-06 -3.58625e-06 5.55117)
(1.02855e-05 -5.15862e-06 5.32446)
(1.1363e-05 -6.49034e-06 5.08656)
(1.13901e-05 -7.29017e-06 4.8412)
(1.20651e-05 -8.32783e-06 4.58834)
(1.72977e-05 -1.17057e-05 4.32487)
(1.62591e-05 -1.14367e-05 4.04394)
(-2.77094e-05 1.27307e-05 3.73432)
(-0.000147348 7.88901e-05 3.36797)
(0.000505635 -0.000281704 2.65909)
(-0.000485138 0.000199815 2.46829)
(0.000151949 -6.42847e-05 3.13127)
(3.66035e-05 -1.6567e-05 3.47496)
(-5.59954e-06 9.10955e-07 3.76526)
(-6.10546e-06 1.16215e-06 4.02833)
(-7.2021e-07 -9.91324e-07 4.27486)
(-8.3584e-08 -1.15224e-06 4.51156)
(-6.03726e-07 -8.16451e-07 4.74212)
(-8.3739e-07 -5.79595e-07 4.96818)
(-1.01653e-06 -3.2346e-07 5.18959)
(-1.28667e-06 5.39843e-08 5.40409)
(-1.61618e-06 5.74164e-07 5.60637)
(-1.99711e-06 1.2026e-06 5.78713)
(-2.45638e-06 1.83751e-06 5.93324)
(-2.79959e-06 2.31276e-06 6.03077)
(-2.42853e-06 2.42327e-06 6.06852)
(-6.32768e-07 2.01508e-06 6.03552)
(2.52115e-06 1.31424e-06 5.92684)
(6.29108e-06 7.45733e-07 5.7576)
(1.02339e-05 4.31704e-07 5.55117)
(1.40757e-05 2.49002e-07 5.32446)
(1.72027e-05 2.19516e-07 5.08657)
(1.89642e-05 4.95718e-07 4.8412)
(2.08597e-05 4.24256e-07 4.58835)
(2.70201e-05 -1.70819e-06 4.32488)
(2.61183e-05 -1.20719e-06 4.04395)
(-2.04682e-05 1.7918e-05 3.73433)
(-0.000147315 6.99431e-05 3.36798)
(0.000540452 -0.00021648 2.6591)
(-0.000505507 0.000143552 2.46829)
(0.000156899 -4.76173e-05 3.13127)
(3.68344e-05 -1.30822e-05 3.47496)
(-7.11086e-06 -3.52969e-07 3.76526)
(-7.65158e-06 -2.20944e-08 4.02833)
(-2.02906e-06 -1.37046e-06 4.27486)
(-1.30745e-06 -1.21343e-06 4.51157)
(-1.75106e-06 -6.15622e-07 4.74212)
(-1.85923e-06 2.64864e-08 4.96818)
(-1.86371e-06 8.24733e-07 5.18959)
(-1.88754e-06 1.80489e-06 5.40409)
(-1.87739e-06 2.80613e-06 5.60637)
(-1.88688e-06 3.57266e-06 5.78713)
(-2.08824e-06 3.95424e-06 5.93324)
(-2.372e-06 3.99121e-06 6.03077)
(-2.07665e-06 3.78092e-06 6.06852)
(-4.51278e-07 3.37208e-06 6.03552)
(2.39608e-06 3.14297e-06 5.92684)
(5.54787e-06 3.62518e-06 5.7576)
(8.42537e-06 5.13174e-06 5.55117)
(1.08383e-05 7.48331e-06 5.32445)
(1.25266e-05 1.0195e-05 5.08656)
(1.32081e-05 1.28146e-05 4.84119)
(1.45772e-05 1.45619e-05 4.58834)
(2.08468e-05 1.41337e-05 4.32487)
(2.0093e-05 1.49649e-05 4.04394)
(-2.79494e-05 2.86559e-05 3.73431)
(-0.000159226 6.54813e-05 3.36797)
(0.000557528 -0.000144251 2.65909)
(-0.000522868 9.28045e-05 2.4683)
(0.000155507 -2.14706e-05 3.13128)
(3.16894e-05 1.80485e-08 3.47497)
(-1.3903e-05 8.0887e-06 3.76527)
(-1.48694e-05 8.4862e-06 4.02834)
(-9.38697e-06 7.71596e-06 4.27486)
(-8.73107e-06 7.72107e-06 4.51157)
(-8.9484e-06 7.8764e-06 4.74213)
(-8.35334e-06 7.95868e-06 4.96818)
(-7.08828e-06 8.03573e-06 5.18959)
(-5.37583e-06 8.09391e-06 5.40409)
(-3.54148e-06 7.97785e-06 5.60637)
(-2.14222e-06 7.53379e-06 5.78713)
(-1.61753e-06 6.77506e-06 5.93324)
(-1.74325e-06 5.90494e-06 6.03077)
(-1.59718e-06 5.10318e-06 6.06852)
(-2.70722e-07 4.49361e-06 6.03552)
(2.03791e-06 4.31526e-06 5.92684)
(4.17189e-06 4.89481e-06 5.7576)
(5.37429e-06 6.31915e-06 5.55117)
(5.60248e-06 8.26844e-06 5.32445)
(5.04548e-06 1.02909e-05 5.08655)
(3.85531e-06 1.20836e-05 4.84118)
(3.98082e-06 1.32029e-05 4.58833)
(9.7489e-06 1.28904e-05 4.32485)
(8.83693e-06 1.32454e-05 4.04392)
(-4.01402e-05 2.1294e-05 3.7343)
(-0.000174023 4.32299e-05 3.36796)
(0.000563451 -8.44003e-05 2.65908)
(-0.000528117 5.05206e-05 2.4683)
(0.000159247 1.63788e-05 3.13128)
(3.40038e-05 2.5102e-05 3.47497)
(-1.20702e-05 2.84937e-05 3.76527)
(-1.29844e-05 2.86476e-05 4.02834)
(-7.39199e-06 2.78285e-05 4.27486)
(-6.7015e-06 2.67644e-05 4.51157)
(-6.89669e-06 2.53191e-05 4.74213)
(-6.25783e-06 2.34574e-05 4.96818)
(-4.9243e-06 2.11951e-05 5.18959)
(-3.1471e-06 1.85455e-05 5.40409)
(-1.33301e-06 1.56265e-05 5.60637)
(-1.20783e-07 1.26969e-05 5.78713)
(5.12617e-08 1.00448e-05 5.93324)
(-5.03777e-07 7.89985e-06 6.03077)
(-7.83537e-07 6.32591e-06 6.06852)
(1.54502e-07 5.36016e-06 6.03552)
(2.02022e-06 4.9242e-06 5.92684)
(3.58121e-06 4.99082e-06 5.7576)
(4.13948e-06 5.38027e-06 5.55117)
(3.83727e-06 5.81885e-06 5.32445)
(2.96148e-06 6.14053e-06 5.08655)
(1.61136e-06 6.32814e-06 4.84118)
(1.6791e-06 6.30714e-06 4.58833)
(7.50799e-06 5.85589e-06 4.32486)
(6.61333e-06 5.68291e-06 4.04392)
(-4.29099e-05 8.13666e-06 3.7343)
(-0.000178358 1.5279e-05 3.36796)
(0.000568869 -2.77256e-05 2.65908)
(-0.000520434 -1.74708e-06 2.46829)
(0.000169208 4.28907e-05 3.13127)
(4.51841e-05 3.8161e-05 3.47496)
(1.60083e-07 3.67098e-05 3.76526)
(2.01981e-07 3.6876e-05 4.02833)
(6.63077e-06 3.66141e-05 4.27486)
(7.92869e-06 3.53948e-05 4.51156)
(7.90121e-06 3.35591e-05 4.74212)
(7.97273e-06 3.12972e-05 4.96818)
(7.74954e-06 2.86185e-05 5.18959)
(7.04721e-06 2.53398e-05 5.40409)
(6.00095e-06 2.14159e-05 5.60637)
(4.70792e-06 1.71239e-05 5.78713)
(3.0971e-06 1.30651e-05 5.93324)
(1.39361e-06 9.77198e-06 6.03077)
(3.90092e-07 7.45962e-06 6.06852)
(8.78197e-07 6.1267e-06 6.03552)
(2.46816e-06 5.40435e-06 5.92684)
(3.90605e-06 4.97827e-06 5.7576)
(4.52679e-06 4.60354e-06 5.55117)
(4.47383e-06 4.2336e-06 5.32445)
(3.93723e-06 3.88883e-06 5.08656)
(2.88972e-06 3.55167e-06 4.84118)
(3.1574e-06 3.29786e-06 4.58833)
(9.08053e-06 3.35838e-06 4.32486)
(8.19683e-06 3.032e-06 4.04393)
(-4.13806e-05 -3.2795e-08 3.7343)
(-0.000176952 -7.94174e-06 3.36796)
(0.00056997 3.35257e-05 2.65908)
(-0.000516881 -5.24514e-05 2.46829)
(0.000163587 7.07057e-05 3.13127)
(4.09977e-05 5.27106e-05 3.47496)
(-3.42903e-06 4.64884e-05 3.76526)
(-3.20376e-06 4.66614e-05 4.02833)
(3.50087e-06 4.69122e-05 4.27486)
(5.35542e-06 4.54787e-05 4.51157)
(6.1991e-06 4.31778e-05 4.74212)
(7.5367e-06 4.03624e-05 4.96818)
(8.9755e-06 3.69169e-05 5.18959)
(1.00107e-05 3.25979e-05 5.40409)
(1.01007e-05 2.71361e-05 5.60637)
(8.81806e-06 2.12354e-05 5.78713)
(6.32598e-06 1.5674e-05 5.93324)
(3.57989e-06 1.13355e-05 6.03077)
(1.78468e-06 8.39367e-06 6.06852)
(1.80709e-06 6.78379e-06 6.03552)
(3.24271e-06 5.89646e-06 5.92684)
(4.80043e-06 5.13847e-06 5.7576)
(5.68829e-06 4.11819e-06 5.55117)
(5.82604e-06 2.87953e-06 5.32445)
(5.30961e-06 1.61468e-06 5.08656)
(4.19416e-06 4.21467e-07 4.84118)
(4.37347e-06 -3.66992e-07 4.58833)
(1.01598e-05 -2.31671e-08 4.32486)
(9.23757e-06 -6.42069e-07 4.04393)
(-3.97699e-05 -9.24951e-06 3.7343)
(-0.000173707 -3.20947e-05 3.36796)
(0.000563652 9.34227e-05 2.65908)
(-0.000495325 -9.3584e-05 2.46828)
(0.000170771 0.000108633 3.13126)
(5.29085e-05 7.84278e-05 3.47495)
(1.1063e-05 6.79682e-05 3.76525)
(1.26697e-05 6.82976e-05 4.02832)
(2.04731e-05 6.88943e-05 4.27485)
(2.32875e-05 6.67146e-05 4.51156)
(2.46271e-05 6.29185e-05 4.74212)
(2.56701e-05 5.78841e-05 4.96817)
(2.57638e-05 5.13496e-05 5.18959)
(2.43079e-05 4.32228e-05 5.40409)
(2.10519e-05 3.40979e-05 5.60637)
(1.6187e-05 2.50982e-05 5.78713)
(1.07703e-05 1.77733e-05 5.93324)
(6.11404e-06 1.24922e-05 6.03077)
(3.28185e-06 9.144e-06 6.06852)
(2.79442e-06 7.43513e-06 6.03553)
(4.17753e-06 6.65668e-06 5.92684)
(6.19303e-06 6.01324e-06 5.7576)
(8.10868e-06 4.90301e-06 5.55117)
(9.6839e-06 3.22144e-06 5.32445)
(1.06755e-05 1.20556e-06 5.08656)
(1.08333e-05 -8.58666e-07 4.84119)
(1.18624e-05 -2.29285e-06 4.58834)
(1.79545e-05 -1.82428e-06 4.32487)
(1.71558e-05 -2.89013e-06 4.04394)
(-3.08192e-05 -1.70969e-05 3.73431)
(-0.000161914 -5.47746e-05 3.36797)
(0.00055533 0.000152952 2.65909)
(-0.000450841 -0.000164956 2.46827)
(0.000196168 0.000107756 3.13125)
(8.5965e-05 6.3916e-05 3.47494)
(4.8012e-05 4.90909e-05 3.76524)
(5.1225e-05 5.05958e-05 4.02831)
(5.97521e-05 5.36766e-05 4.27484)
(6.26314e-05 5.38855e-05 4.51155)
(6.28334e-05 5.25544e-05 4.74211)
(6.09114e-05 4.99912e-05 4.96817)
(5.57656e-05 4.57519e-05 5.18958)
(4.70539e-05 3.96546e-05 5.40408)
(3.59488e-05 3.22168e-05 5.60636)
(2.46688e-05 2.45812e-05 5.78712)
(1.51115e-05 1.77958e-05 5.93324)
(8.35249e-06 1.27906e-05 6.03077)
(4.51694e-06 9.57864e-06 6.06852)
(3.53582e-06 8.07841e-06 6.03553)
(4.76417e-06 7.81252e-06 5.92685)
(7.00123e-06 8.09952e-06 5.7576)
(9.63878e-06 8.53973e-06 5.55118)
(1.23834e-05 9.03703e-06 5.32446)
(1.46518e-05 9.38018e-06 5.08657)
(1.58046e-05 9.30961e-06 4.8412)
(1.73211e-05 9.43446e-06 4.58835)
(2.32969e-05 1.14541e-05 4.32488)
(2.23689e-05 1.06681e-05 4.04395)
(-2.4109e-05 -8.9265e-06 3.73433)
(-0.000150707 -6.1654e-05 3.36798)
(0.000537692 0.000223185 2.6591)
(-0.000427324 -0.000244527 2.46828)
(0.000184792 9.22963e-05 3.13126)
(7.96532e-05 3.38286e-05 3.47495)
(4.27896e-05 1.35488e-05 3.76525)
(4.47566e-05 1.51134e-05 4.02832)
(5.16914e-05 1.97713e-05 4.27485)
(5.34154e-05 2.18834e-05 4.51156)
(5.30777e-05 2.32184e-05 4.74212)
(5.16116e-05 2.43869e-05 4.96817)
(4.82319e-05 2.50642e-05 5.18959)
(4.23464e-05 2.48328e-05 5.40408)
(3.41266e-05 2.32847e-05 5.60637)
(2.47335e-05 2.02739e-05 5.78713)
(1.58642e-05 1.61994e-05 5.93324)
(9.11663e-06 1.24021e-05 6.03077)
(5.06537e-06 9.71138e-06 6.06852)
(3.78605e-06 8.57213e-06 6.03553)
(4.60852e-06 8.84026e-06 5.92685)
(6.16628e-06 9.89028e-06 5.75761)
(7.56142e-06 1.13279e-05 5.55118)
(8.42658e-06 1.29268e-05 5.32446)
(8.59252e-06 1.43265e-05 5.08657)
(7.99814e-06 1.51574e-05 4.8412)
(8.30541e-06 1.61478e-05 4.58834)
(1.33745e-05 1.9378e-05 4.32487)
(1.23323e-05 1.88471e-05 4.04394)
(-3.15062e-05 -5.71168e-06 3.73432)
(-0.000150876 -7.24332e-05 3.36797)
(0.000502768 0.000286915 2.65909)
(-0.000400359 -0.000296079 2.46828)
(0.000169261 0.000105793 3.13126)
(7.08952e-05 3.52991e-05 3.47495)
(3.6237e-05 1.06017e-05 3.76525)
(3.7832e-05 1.2114e-05 4.02832)
(4.41525e-05 1.74044e-05 4.27485)
(4.57545e-05 1.97248e-05 4.51156)
(4.55989e-05 2.11599e-05 4.74212)
(4.45524e-05 2.2382e-05 4.96817)
(4.18688e-05 2.29924e-05 5.18959)
(3.70215e-05 2.26737e-05 5.40408)
(3.02106e-05 2.13112e-05 5.60637)
(2.23895e-05 1.88922e-05 5.78713)
(1.48257e-05 1.55119e-05 5.93324)
(8.83392e-06 1.21627e-05 6.03077)
(5.04748e-06 9.73195e-06 6.06852)
(3.68216e-06 8.83168e-06 6.03553)
(4.15345e-06 9.41395e-06 5.92685)
(5.14287e-06 1.07547e-05 5.75761)
(5.81506e-06 1.23415e-05 5.55118)
(5.97324e-06 1.38787e-05 5.32446)
(5.57562e-06 1.50301e-05 5.08657)
(4.57727e-06 1.54877e-05 4.8412)
(4.53202e-06 1.62326e-05 4.58834)
(9.05765e-06 1.98128e-05 4.32487)
(8.02873e-06 1.90595e-05 4.04394)
(-3.27435e-05 -1.02825e-05 3.73432)
(-0.000143743 -8.98987e-05 3.36797)
(0.000465933 0.000340584 2.65909)
(-0.000374245 -0.000342016 2.46829)
(0.00014438 0.000120024 3.13127)
(5.34106e-05 3.8342e-05 3.47496)
(2.09596e-05 9.33868e-06 3.76526)
(2.18495e-05 1.04462e-05 4.02833)
(2.7266e-05 1.58747e-05 4.27486)
(2.8641e-05 1.79369e-05 4.51156)
(2.88096e-05 1.91613e-05 4.74212)
(2.87508e-05 2.04725e-05 4.96817)
(2.79587e-05 2.15127e-05 5.18959)
(2.59512e-05 2.18605e-05 5.40409)
(2.25436e-05 2.11256e-05 5.60637)
(1.79287e-05 1.9037e-05 5.78713)
(1.26851e-05 1.56935e-05 5.93324)
(7.96932e-06 1.22606e-05 6.03077)
(4.68965e-06 9.79593e-06 6.06852)
(3.34568e-06 8.98017e-06 6.03553)
(3.53849e-06 9.68607e-06 5.92685)
(4.07474e-06 1.09629e-05 5.75761)
(4.1599e-06 1.21084e-05 5.55118)
(3.64722e-06 1.28715e-05 5.32446)
(2.64874e-06 1.31361e-05 5.08657)
(1.26948e-06 1.28155e-05 4.8412)
(9.80415e-07 1.31313e-05 4.58834)
(5.0557e-06 1.69961e-05 4.32487)
(4.18385e-06 1.61039e-05 4.04394)
(-3.29274e-05 -1.75067e-05 3.73432)
(-0.000134142 -0.000108789 3.36797)
(0.000423856 0.000387887 2.65909)
)