1624
(
0.181918
0.248882
0.203245
0.190746
0.186326
0.183489
0.180663
0.17701
0.171718
0.163817
0.152185
0.135813
0.114544
0.0903687
0.0685673
0.0571722
0.0636928
0.087326
0.117707
0.145477
0.167122
0.182686
0.193498
0.201136
0.207214
0.214052
0.229489
0.282415
0.206301
0.181917
0.248881
0.203245
0.190745
0.186326
0.183489
0.180662
0.17701
0.171718
0.163817
0.152185
0.135813
0.114544
0.0903689
0.0685674
0.0571723
0.0636928
0.0873259
0.117707
0.145476
0.167122
0.182686
0.193498
0.201137
0.207214
0.214053
0.229489
0.282416
0.206301
0.181917
0.24888
0.203244
0.190745
0.186326
0.183488
0.180662
0.177009
0.171717
0.163817
0.152185
0.135813
0.114544
0.090369
0.0685675
0.0571723
0.0636928
0.0873258
0.117707
0.145476
0.167122
0.182686
0.193498
0.201137
0.207214
0.214053
0.22949
0.282416
0.206302
0.181916
0.24888
0.203244
0.190744
0.186325
0.183487
0.180661
0.177008
0.171717
0.163816
0.152185
0.135814
0.114544
0.0903693
0.0685677
0.0571724
0.0636927
0.0873257
0.117706
0.145476
0.167121
0.182686
0.193499
0.201138
0.207215
0.214054
0.229491
0.282417
0.206302
0.181917
0.248881
0.203245
0.190745
0.186326
0.183489
0.180663
0.17701
0.171718
0.163817
0.152185
0.135813
0.114544
0.0903689
0.0685674
0.0571722
0.0636928
0.087326
0.117707
0.145476
0.167122
0.182686
0.193498
0.201137
0.207214
0.214053
0.229489
0.282416
0.206301
0.181919
0.248883
0.203246
0.190746
0.186327
0.18349
0.180664
0.177011
0.171719
0.163818
0.152185
0.135813
0.114544
0.0903687
0.0685672
0.0571721
0.0636928
0.0873262
0.117707
0.145477
0.167122
0.182686
0.193497
0.201136
0.207213
0.214052
0.229489
0.282415
0.2063
0.181918
0.248882
0.203246
0.190746
0.186327
0.18349
0.180664
0.177011
0.171719
0.163818
0.152185
0.135814
0.114544
0.0903687
0.0685672
0.0571721
0.0636928
0.0873262
0.117707
0.145477
0.167122
0.182686
0.193498
0.201136
0.207214
0.214052
0.229489
0.282415
0.2063
0.181918
0.248882
0.203246
0.190746
0.186327
0.18349
0.180664
0.177011
0.171719
0.163818
0.152186
0.135814
0.114544
0.0903688
0.0685672
0.0571721
0.0636928
0.0873262
0.117707
0.145477
0.167122
0.182686
0.193498
0.201136
0.207213
0.214052
0.229489
0.282415
0.2063
0.181918
0.248882
0.203246
0.190746
0.186327
0.18349
0.180664
0.177011
0.171719
0.163818
0.152185
0.135814
0.114544
0.0903688
0.0685673
0.0571721
0.0636928
0.0873261
0.117707
0.145477
0.167122
0.182686
0.193498
0.201136
0.207213
0.214052
0.229489
0.282415
0.2063
0.181917
0.248881
0.203245
0.190745
0.186326
0.183489
0.180663
0.17701
0.171718
0.163817
0.152185
0.135814
0.114544
0.0903691
0.0685676
0.0571723
0.0636927
0.0873258
0.117707
0.145476
0.167122
0.182686
0.193498
0.201137
0.207214
0.214053
0.22949
0.282416
0.206301
0.181916
0.24888
0.203244
0.190744
0.186325
0.183487
0.180661
0.177008
0.171717
0.163816
0.152185
0.135814
0.114544
0.0903695
0.0685679
0.0571725
0.0636925
0.0873253
0.117706
0.145476
0.167121
0.182686
0.193499
0.201138
0.207215
0.214054
0.229491
0.282418
0.206303
0.181917
0.248881
0.203245
0.190745
0.186326
0.183488
0.180662
0.177009
0.171717
0.163817
0.152185
0.135813
0.114544
0.0903693
0.0685678
0.0571724
0.0636924
0.0873253
0.117706
0.145476
0.167122
0.182686
0.193499
0.201137
0.207215
0.214054
0.22949
0.282417
0.206302
0.181918
0.248881
0.203245
0.190745
0.186326
0.183489
0.180663
0.17701
0.171718
0.163817
0.152185
0.135813
0.114544
0.0903693
0.0685678
0.0571723
0.0636923
0.0873252
0.117706
0.145476
0.167122
0.182686
0.193498
0.201137
0.207215
0.214053
0.22949
0.282416
0.206302
0.181918
0.248882
0.203245
0.190746
0.186327
0.183489
0.180663
0.17701
0.171718
0.163817
0.152185
0.135814
0.114544
0.0903693
0.0685678
0.0571722
0.0636922
0.0873249
0.117706
0.145476
0.167121
0.182686
0.193498
0.201137
0.207214
0.214053
0.229489
0.282416
0.206301
0.181918
0.248882
0.203245
0.190746
0.186326
0.183489
0.180663
0.17701
0.171718
0.163817
0.152185
0.135813
0.114544
0.0903687
0.0685673
0.0571722
0.0636928
0.087326
0.117707
0.145477
0.167122
0.182686
0.193498
0.201136
0.207214
0.214052
0.229489
0.282415
0.206301
0.181917
0.248881
0.203245
0.190745
0.186326
0.183489
0.180662
0.17701
0.171718
0.163817
0.152185
0.135813
0.114544
0.0903689
0.0685674
0.0571722
0.0636928
0.0873259
0.117707
0.145476
0.167122
0.182686
0.193498
0.201137
0.207214
0.214053
0.229489
0.282416
0.206301
0.181917
0.24888
0.203244
0.190745
0.186325
0.183488
0.180662
0.177009
0.171717
0.163816
0.152185
0.135813
0.114544
0.090369
0.0685675
0.0571723
0.0636927
0.0873258
0.117707
0.145476
0.167121
0.182686
0.193498
0.201137
0.207214
0.214053
0.22949
0.282416
0.206302
0.181916
0.248879
0.203243
0.190744
0.186325
0.183487
0.180661
0.177008
0.171717
0.163816
0.152185
0.135813
0.114544
0.0903692
0.0685677
0.0571724
0.0636927
0.0873256
0.117706
0.145476
0.167121
0.182686
0.193498
0.201138
0.207215
0.214054
0.229491
0.282417
0.206302
0.181917
0.248881
0.203245
0.190745
0.186326
0.183488
0.180662
0.17701
0.171718
0.163817
0.152185
0.135813
0.114544
0.0903689
0.0685674
0.0571722
0.0636928
0.0873259
0.117707
0.145476
0.167121
0.182686
0.193498
0.201137
0.207214
0.214053
0.229489
0.282416
0.206301
0.181918
0.248882
0.203245
0.190746
0.186326
0.183489
0.180663
0.177011
0.171719
0.163817
0.152185
0.135813
0.114544
0.0903686
0.0685671
0.0571721
0.0636928
0.0873262
0.117707
0.145477
0.167121
0.182685
0.193497
0.201136
0.207213
0.214052
0.229488
0.282414
0.2063
0.181918
0.248882
0.203245
0.190745
0.186326
0.183489
0.180663
0.177011
0.171719
0.163818
0.152185
0.135814
0.114544
0.0903686
0.0685671
0.0571721
0.0636929
0.0873262
0.117707
0.145477
0.167121
0.182685
0.193497
0.201136
0.207213
0.214052
0.229488
0.282415
0.2063
0.181918
0.248882
0.203245
0.190745
0.186326
0.183489
0.180663
0.177011
0.171719
0.163818
0.152185
0.135814
0.114544
0.0903686
0.0685671
0.0571721
0.0636929
0.0873262
0.117707
0.145477
0.167121
0.182685
0.193497
0.201136
0.207213
0.214052
0.229489
0.282415
0.2063
0.181918
0.248882
0.203245
0.190745
0.186326
0.183489
0.180663
0.177011
0.171719
0.163817
0.152185
0.135813
0.114544
0.0903686
0.0685671
0.0571721
0.0636929
0.0873262
0.117707
0.145477
0.167121
0.182685
0.193497
0.201136
0.207213
0.214052
0.229488
0.282415
0.2063
0.181917
0.248881
0.203244
0.190744
0.186325
0.183488
0.180662
0.177009
0.171718
0.163817
0.152185
0.135813
0.114544
0.0903688
0.0685673
0.0571722
0.0636929
0.0873261
0.117707
0.145476
0.167121
0.182686
0.193498
0.201137
0.207214
0.214053
0.229489
0.282416
0.206301
0.181916
0.248879
0.203243
0.190743
0.186324
0.183486
0.18066
0.177008
0.171716
0.163816
0.152185
0.135814
0.114544
0.0903692
0.0685676
0.0571724
0.0636929
0.0873259
0.117706
0.145476
0.167121
0.182686
0.193498
0.201137
0.207215
0.214054
0.229491
0.282417
0.206302
0.181917
0.24888
0.203244
0.190744
0.186325
0.183488
0.180662
0.177009
0.171718
0.163817
0.152185
0.135813
0.114544
0.0903687
0.0685672
0.0571723
0.0636931
0.0873263
0.117707
0.145476
0.167121
0.182686
0.193498
0.201137
0.207214
0.214053
0.22949
0.282416
0.206302
0.181919
0.248882
0.203245
0.190745
0.186326
0.183489
0.180663
0.177011
0.171719
0.163818
0.152185
0.135813
0.114544
0.0903683
0.0685669
0.0571721
0.0636933
0.0873267
0.117707
0.145477
0.167122
0.182686
0.193498
0.201136
0.207214
0.214052
0.229489
0.282415
0.206301
0.181918
0.248882
0.203245
0.190745
0.186326
0.183489
0.180663
0.177011
0.171719
0.163818
0.152185
0.135813
0.114544
0.0903682
0.0685667
0.0571721
0.0636935
0.0873271
0.117708
0.145477
0.167122
0.182686
0.193497
0.201136
0.207213
0.214052
0.229488
0.282415
0.2063
0.181918
0.248882
0.203245
0.190746
0.186326
0.183489
0.180663
0.17701
0.171718
0.163817
0.152185
0.135814
0.114544
0.0903695
0.0685679
0.0571722
0.0636919
0.0873245
0.117705
0.145475
0.167121
0.182686
0.193498
0.201137
0.207214
0.214053
0.22949
0.282417
0.206302
0.181917
0.248881
0.203245
0.190745
0.186326
0.183489
0.180662
0.17701
0.171718
0.163817
0.152185
0.135814
0.114545
0.0903698
0.0685682
0.0571723
0.0636917
0.087324
0.117705
0.145475
0.167121
0.182686
0.193498
0.201138
0.207215
0.214054
0.229491
0.282418
0.206303
0.181917
0.24888
0.203244
0.190745
0.186325
0.183488
0.180662
0.177009
0.171717
0.163817
0.152185
0.135814
0.114545
0.09037
0.0685684
0.0571724
0.0636915
0.0873236
0.117704
0.145474
0.16712
0.182686
0.193498
0.201138
0.207216
0.214054
0.229491
0.282418
0.206303
0.181916
0.248879
0.203243
0.190744
0.186325
0.183487
0.180661
0.177008
0.171717
0.163816
0.152185
0.135814
0.114545
0.0903704
0.0685686
0.0571725
0.0636914
0.0873232
0.117704
0.145474
0.16712
0.182686
0.193499
0.201138
0.207216
0.214055
0.229492
0.282419
0.206304
0.181917
0.248881
0.203245
0.190745
0.186326
0.183489
0.180662
0.17701
0.171718
0.163817
0.152185
0.135814
0.114545
0.0903701
0.0685684
0.0571723
0.0636914
0.0873234
0.117704
0.145474
0.16712
0.182685
0.193498
0.201138
0.207215
0.214054
0.229491
0.282418
0.206303
0.181918
0.248882
0.203245
0.190746
0.186326
0.183489
0.180663
0.177011
0.171719
0.163818
0.152186
0.135814
0.114545
0.0903698
0.0685681
0.0571722
0.0636914
0.0873236
0.117705
0.145475
0.16712
0.182685
0.193498
0.201137
0.207214
0.214053
0.22949
0.282417
0.206302
0.181918
0.248882
0.203245
0.190746
0.186326
0.183489
0.180663
0.177011
0.171719
0.163818
0.152186
0.135814
0.114545
0.0903698
0.0685681
0.0571721
0.0636914
0.0873237
0.117705
0.145475
0.16712
0.182685
0.193498
0.201137
0.207214
0.214053
0.22949
0.282417
0.206302
0.181918
0.248882
0.203245
0.190745
0.186326
0.183489
0.180663
0.177011
0.171719
0.163818
0.152186
0.135814
0.114545
0.0903698
0.0685681
0.0571721
0.0636914
0.0873237
0.117705
0.145475
0.16712
0.182685
0.193498
0.201137
0.207214
0.214053
0.22949
0.282417
0.206302
0.181918
0.248882
0.203245
0.190746
0.186326
0.183489
0.180663
0.177011
0.171719
0.163818
0.152186
0.135814
0.114545
0.0903698
0.0685681
0.0571722
0.0636915
0.0873238
0.117705
0.145475
0.16712
0.182685
0.193498
0.201137
0.207214
0.214053
0.22949
0.282417
0.206302
0.181917
0.248881
0.203244
0.190745
0.186326
0.183488
0.180662
0.17701
0.171718
0.163817
0.152185
0.135814
0.114545
0.0903699
0.0685682
0.0571723
0.0636915
0.0873236
0.117704
0.145474
0.16712
0.182685
0.193498
0.201137
0.207215
0.214054
0.229491
0.282418
0.206303
0.181916
0.248879
0.203243
0.190744
0.186324
0.183487
0.180661
0.177008
0.171717
0.163816
0.152185
0.135814
0.114545
0.0903702
0.0685684
0.0571725
0.0636916
0.0873236
0.117704
0.145474
0.16712
0.182685
0.193499
0.201138
0.207216
0.214055
0.229492
0.282419
0.206304
0.181917
0.24888
0.203244
0.190744
0.186325
0.183488
0.180662
0.177009
0.171717
0.163817
0.152185
0.135814
0.114545
0.0903697
0.0685681
0.0571724
0.0636919
0.0873241
0.117705
0.145475
0.16712
0.182685
0.193498
0.201137
0.207215
0.214054
0.229491
0.282418
0.206303
0.181917
0.248881
0.203245
0.190745
0.186326
0.183489
0.180662
0.17701
0.171718
0.163817
0.152185
0.135814
0.114544
0.0903694
0.0685678
0.0571723
0.0636922
0.0873248
0.117705
0.145475
0.167121
0.182685
0.193498
0.201137
0.207215
0.214053
0.22949
0.282417
0.206302
0.181918
0.248882
0.203245
0.190745
0.186326
0.183489
0.180663
0.17701
0.171718
0.163817
0.152185
0.135813
0.114544
0.0903689
0.0685674
0.0571722
0.0636927
0.0873256
0.117706
0.145476
0.167121
0.182685
0.193497
0.201136
0.207214
0.214052
0.229489
0.282416
0.206301
0.181918
0.248882
0.203245
0.190745
0.186326
0.183489
0.180663
0.177011
0.171719
0.163818
0.152185
0.135813
0.114543
0.0903681
0.0685666
0.0571721
0.0636937
0.0873276
0.117709
0.145478
0.167122
0.182686
0.193498
0.201136
0.207213
0.214051
0.229488
0.282414
0.2063
0.181918
0.248882
0.203245
0.190745
0.186326
0.183489
0.180663
0.177011
0.171719
0.163818
0.152185
0.135813
0.114543
0.090368
0.0685665
0.0571721
0.0636938
0.0873278
0.117709
0.145478
0.167123
0.182686
0.193498
0.201136
0.207213
0.214052
0.229488
0.282414
0.2063
0.181918
0.248882
0.203245
0.190745
0.186326
0.183489
0.180663
0.177011
0.171719
0.163818
0.152185
0.135813
0.114543
0.0903679
0.0685665
0.0571721
0.063694
0.087328
0.117709
0.145478
0.167123
0.182686
0.193498
0.201136
0.207214
0.214052
0.229489
0.282415
0.206301
0.181918
0.248882
0.203245
0.190745
0.186326
0.183489
0.180663
0.177011
0.171719
0.163818
0.152185
0.135813
0.114543
0.0903679
0.0685665
0.0571721
0.063694
0.0873281
0.117709
0.145478
0.167122
0.182686
0.193498
0.201137
0.207214
0.214053
0.229489
0.282416
0.206301
0.181918
0.248882
0.203245
0.190745
0.186326
0.183489
0.180663
0.177011
0.171719
0.163818
0.152185
0.135813
0.114543
0.0903678
0.0685664
0.0571721
0.0636942
0.0873284
0.117709
0.145478
0.167123
0.182686
0.193498
0.201136
0.207213
0.214052
0.229488
0.282414
0.2063
0.181919
0.248882
0.203245
0.190745
0.186326
0.183489
0.180664
0.177011
0.171719
0.163818
0.152185
0.135813
0.114543
0.0903677
0.0685663
0.0571721
0.0636943
0.0873287
0.11771
0.145479
0.167123
0.182686
0.193497
0.201135
0.207212
0.21405
0.229487
0.282412
0.206299
0.181919
0.248882
0.203245
0.190745
0.186326
0.183489
0.180664
0.177011
0.171719
0.163818
0.152185
0.135813
0.114543
0.0903677
0.0685663
0.0571721
0.0636943
0.0873288
0.11771
0.145479
0.167123
0.182686
0.193497
0.201135
0.207212
0.21405
0.229487
0.282413
0.206299
0.181918
0.248882
0.203245
0.190745
0.186326
0.183489
0.180663
0.177011
0.171719
0.163818
0.152185
0.135813
0.114543
0.0903678
0.0685664
0.0571721
0.0636942
0.0873287
0.11771
0.145479
0.167123
0.182686
0.193497
0.201135
0.207212
0.214051
0.229487
0.282413
0.206299
0.181918
0.248882
0.203245
0.190745
0.186326
0.183489
0.180663
0.177011
0.171719
0.163817
0.152185
0.135813
0.114543
0.0903678
0.0685664
0.0571722
0.0636942
0.0873286
0.11771
0.145479
0.167123
0.182686
0.193497
0.201135
0.207212
0.214051
0.229487
0.282413
0.206299
0.181917
0.248881
0.203245
0.190745
0.186326
0.183488
0.180662
0.17701
0.171718
0.163817
0.152185
0.135813
0.114543
0.090368
0.0685667
0.0571723
0.0636941
0.0873282
0.117709
0.145478
0.167123
0.182686
0.193498
0.201136
0.207213
0.214052
0.229488
0.282414
0.2063
0.181916
0.24888
0.203244
0.190744
0.186325
0.183487
0.180661
0.177008
0.171717
0.163816
0.152184
0.135813
0.114544
0.0903684
0.0685671
0.0571724
0.0636939
0.0873277
0.117709
0.145478
0.167123
0.182687
0.193499
0.201137
0.207214
0.214053
0.229489
0.282416
0.206301
0.181917
0.248881
0.203244
0.190745
0.186326
0.183488
0.180662
0.177009
0.171717
0.163816
0.152184
0.135813
0.114543
0.0903683
0.068567
0.0571723
0.0636937
0.0873275
0.117709
0.145478
0.167123
0.182686
0.193498
0.201137
0.207214
0.214052
0.229489
0.282415
0.206301
0.181918
0.248881
0.203245
0.190745
0.186326
0.183489
0.180662
0.17701
0.171718
0.163817
0.152185
0.135813
0.114543
0.0903684
0.068567
0.0571723
0.0636935
0.0873271
0.117708
0.145478
0.167123
0.182686
0.193498
0.201137
0.207214
0.214052
0.229489
0.282415
0.2063
0.181918
0.248882
0.203245
0.190746
0.186326
0.183489
0.180663
0.17701
0.171718
0.163817
0.152185
0.135813
0.114544
0.0903685
0.0685671
0.0571722
0.0636931
0.0873266
0.117708
0.145477
0.167122
0.182686
0.193498
0.201136
0.207213
0.214052
0.229488
0.282414
0.2063
)