1624
(
7609.51
2561.22
1070.05
532.1
286.891
161.677
93.691
55.4206
33.3833
20.4901
12.8414
8.22927
5.38904
3.62288
2.62864
2.451
3.49316
6.30314
11.3954
19.8263
33.8371
57.5609
98.5407
171.118
304.557
565.646
1138.44
2728.08
8101.73
7609.51
2561.22
1070.05
532.101
286.892
161.678
93.6914
55.4208
33.3834
20.4902
12.8415
8.22932
5.38907
3.6229
2.62865
2.451
3.49315
6.30312
11.3954
19.8263
33.837
57.5607
98.5405
171.118
304.556
565.646
1138.44
2728.09
8101.75
7609.49
2561.22
1070.05
532.102
286.893
161.678
93.6918
55.4211
33.3835
20.4903
12.8415
8.22934
5.38909
3.62291
2.62865
2.451
3.49315
6.3031
11.3953
19.8262
33.8369
57.5605
98.5402
171.117
304.556
565.646
1138.44
2728.09
8101.76
7609.48
2561.21
1070.05
532.103
286.893
161.679
93.6923
55.4214
33.3838
20.4905
12.8417
8.22942
5.38913
3.62293
2.62866
2.451
3.49313
6.30307
11.3953
19.8261
33.8367
57.5602
98.5396
171.117
304.555
565.645
1138.44
2728.09
8101.77
7609.5
2561.22
1070.05
532.101
286.892
161.678
93.6914
55.4208
33.3834
20.4902
12.8415
8.22931
5.38907
3.6229
2.62864
2.451
3.49315
6.30311
11.3954
19.8263
33.837
57.5607
98.5404
171.118
304.556
565.646
1138.44
2728.08
8101.74
7609.52
2561.22
1070.05
532.099
286.89
161.677
93.6908
55.4204
33.3831
20.49
12.8414
8.22925
5.38903
3.62287
2.62863
2.45099
3.49316
6.30314
11.3954
19.8264
33.8373
57.5611
98.541
171.119
304.557
565.647
1138.44
2728.08
8101.72
7609.51
2561.22
1070.05
532.099
286.89
161.677
93.6908
55.4205
33.3832
20.4901
12.8414
8.22926
5.38903
3.62287
2.62863
2.45099
3.49316
6.30315
11.3954
19.8264
33.8373
57.561
98.541
171.119
304.557
565.646
1138.44
2728.08
8101.71
7609.51
2561.22
1070.05
532.099
286.89
161.677
93.6908
55.4205
33.3832
20.4901
12.8414
8.22927
5.38904
3.62288
2.62863
2.45099
3.49316
6.30315
11.3954
19.8264
33.8373
57.5611
98.5411
171.119
304.557
565.647
1138.44
2728.08
8101.71
7609.51
2561.22
1070.05
532.099
286.89
161.677
93.6907
55.4204
33.3832
20.4901
12.8414
8.22927
5.38904
3.62288
2.62864
2.45099
3.49315
6.30314
11.3954
19.8264
33.8373
57.5612
98.5412
171.119
304.557
565.647
1138.44
2728.08
8101.72
7609.5
2561.22
1070.05
532.101
286.892
161.678
93.6915
55.4209
33.3834
20.4902
12.8415
8.22932
5.38907
3.6229
2.62865
2.451
3.49314
6.3031
11.3954
19.8263
33.8371
57.5607
98.5404
171.118
304.556
565.646
1138.44
2728.09
8101.75
7609.48
2561.21
1070.05
532.103
286.893
161.679
93.6923
55.4214
33.3838
20.4905
12.8417
8.22942
5.38913
3.62293
2.62867
2.451
3.49312
6.30306
11.3953
19.8261
33.8368
57.5602
98.5397
171.117
304.555
565.645
1138.44
2728.09
8101.78
7609.5
2561.22
1070.05
532.102
286.893
161.678
93.6919
55.4211
33.3835
20.4903
12.8415
8.22933
5.38909
3.62291
2.62866
2.451
3.49313
6.30307
11.3953
19.8262
33.837
57.5606
98.5402
171.118
304.556
565.646
1138.44
2728.09
8101.77
7609.51
2561.22
1070.05
532.101
286.892
161.678
93.6914
55.4208
33.3834
20.4902
12.8415
8.22932
5.38908
3.62291
2.62865
2.451
3.49312
6.30307
11.3953
19.8263
33.8371
57.5608
98.5407
171.118
304.557
565.647
1138.44
2728.09
8101.76
7609.51
2561.22
1070.05
532.1
286.891
161.677
93.691
55.4206
33.3833
20.4901
12.8414
8.22928
5.38906
3.6229
2.62865
2.45099
3.49311
6.30307
11.3953
19.8263
33.8372
57.5611
98.5411
171.119
304.557
565.647
1138.44
2728.09
8101.74
7609.51
2561.22
1070.05
532.1
286.891
161.677
93.691
55.4206
33.3832
20.4901
12.8414
8.22927
5.38905
3.62288
2.62864
2.451
3.49316
6.30313
11.3954
19.8263
33.8372
57.5609
98.5408
171.118
304.557
565.646
1138.44
2728.08
8101.73
7609.51
2561.22
1070.05
532.101
286.892
161.678
93.6914
55.4208
33.3834
20.4902
12.8415
8.22932
5.38908
3.6229
2.62865
2.451
3.49315
6.30311
11.3954
19.8263
33.837
57.5607
98.5405
171.118
304.556
565.646
1138.44
2728.09
8101.75
7609.49
2561.21
1070.05
532.102
286.892
161.678
93.6918
55.421
33.3835
20.4903
12.8415
8.22934
5.38909
3.62291
2.62865
2.451
3.49314
6.30309
11.3953
19.8262
33.8369
57.5605
98.54
171.117
304.555
565.645
1138.44
2728.09
8101.76
7609.48
2561.21
1070.05
532.103
286.893
161.679
93.6922
55.4214
33.3838
20.4905
12.8417
8.22941
5.38913
3.62293
2.62866
2.451
3.49313
6.30307
11.3953
19.8261
33.8367
57.5601
98.5395
171.117
304.555
565.645
1138.44
2728.09
8101.78
7609.49
2561.21
1070.05
532.101
286.891
161.678
93.6914
55.4208
33.3834
20.4902
12.8415
8.22931
5.38907
3.6229
2.62865
2.451
3.49314
6.3031
11.3953
19.8262
33.837
57.5606
98.5403
171.118
304.556
565.645
1138.44
2728.08
8101.74
7609.51
2561.22
1070.05
532.099
286.89
161.676
93.6907
55.4204
33.3832
20.4901
12.8414
8.22926
5.38904
3.62288
2.62863
2.45099
3.49315
6.30314
11.3954
19.8264
33.8372
57.5611
98.541
171.119
304.557
565.647
1138.44
2728.08
8101.71
7609.51
2561.22
1070.05
532.099
286.89
161.677
93.6907
55.4205
33.3832
20.4901
12.8414
8.22926
5.38903
3.62287
2.62863
2.45099
3.49315
6.30314
11.3954
19.8264
33.8372
57.561
98.5409
171.118
304.557
565.646
1138.44
2728.08
8101.71
7609.51
2561.22
1070.05
532.099
286.89
161.677
93.6907
55.4205
33.3832
20.4901
12.8414
8.22927
5.38903
3.62287
2.62863
2.45099
3.49315
6.30313
11.3954
19.8263
33.8372
57.5609
98.5408
171.118
304.557
565.646
1138.44
2728.08
8101.71
7609.51
2561.22
1070.05
532.099
286.89
161.676
93.6907
55.4204
33.3832
20.4901
12.8414
8.22926
5.38904
3.62287
2.62863
2.451
3.49316
6.30313
11.3954
19.8263
33.8372
57.5609
98.5408
171.118
304.557
565.646
1138.44
2728.08
8101.72
7609.49
2561.21
1070.05
532.101
286.892
161.678
93.6915
55.4209
33.3835
20.4903
12.8415
8.22933
5.38908
3.6229
2.62864
2.451
3.49315
6.3031
11.3953
19.8262
33.8369
57.5605
98.5401
171.117
304.556
565.645
1138.44
2728.08
8101.74
7609.47
2561.21
1070.05
532.103
286.894
161.679
93.6925
55.4216
33.3839
20.4906
12.8417
8.22944
5.38914
3.62293
2.62866
2.451
3.49314
6.30306
11.3952
19.826
33.8366
57.5599
98.5393
171.116
304.554
565.645
1138.44
2728.09
8101.78
7609.49
2561.21
1070.05
532.101
286.892
161.678
93.6916
55.421
33.3835
20.4903
12.8416
8.22935
5.38908
3.6229
2.62864
2.451
3.49315
6.30309
11.3953
19.8261
33.8367
57.5602
98.5397
171.117
304.555
565.645
1138.44
2728.09
8101.75
7609.52
2561.22
1070.05
532.098
286.89
161.676
93.6906
55.4204
33.3832
20.4901
12.8414
8.22926
5.38903
3.62287
2.62863
2.451
3.49317
6.30313
11.3953
19.8262
33.8368
57.5603
98.5399
171.117
304.555
565.644
1138.44
2728.08
8101.73
7609.51
2561.22
1070.05
532.098
286.889
161.676
93.6907
55.4205
33.3832
20.4901
12.8414
8.22927
5.38903
3.62286
2.62862
2.451
3.49318
6.30316
11.3954
19.8262
33.8369
57.5605
98.5401
171.117
304.555
565.644
1138.44
2728.08
8101.72
7609.51
2561.22
1070.05
532.1
286.891
161.677
93.691
55.4206
33.3833
20.4901
12.8414
8.2293
5.38907
3.62291
2.62865
2.45099
3.4931
6.30303
11.3953
19.8262
33.8371
57.5609
98.5409
171.119
304.557
565.648
1138.44
2728.09
8101.76
7609.51
2561.22
1070.05
532.101
286.892
161.678
93.6914
55.4208
33.3834
20.4902
12.8415
8.22934
5.3891
3.62293
2.62866
2.45099
3.49308
6.30299
11.3952
19.8261
33.8369
57.5607
98.5407
171.118
304.557
565.648
1138.45
2728.1
8101.78
7609.49
2561.21
1070.05
532.102
286.892
161.678
93.6918
55.4211
33.3835
20.4903
12.8416
8.22936
5.38911
3.62294
2.62867
2.45099
3.49307
6.30296
11.3952
19.8261
33.8368
57.5605
98.5403
171.118
304.557
565.648
1138.45
2728.1
8101.79
7609.48
2561.21
1070.05
532.103
286.893
161.679
93.6923
55.4214
33.3838
20.4905
12.8417
8.22943
5.38915
3.62296
2.62868
2.45099
3.49305
6.30293
11.3951
19.826
33.8366
57.5602
98.5398
171.117
304.556
565.647
1138.45
2728.1
8101.81
7609.49
2561.21
1070.05
532.101
286.891
161.678
93.6914
55.4208
33.3834
20.4902
12.8415
8.22933
5.3891
3.62293
2.62867
2.45098
3.49306
6.30296
11.3952
19.8261
33.8369
57.5607
98.5406
171.118
304.557
565.648
1138.44
2728.09
8101.77
7609.51
2561.22
1070.05
532.099
286.89
161.676
93.6907
55.4204
33.3832
20.4901
12.8414
8.22928
5.38906
3.62291
2.62865
2.45098
3.49307
6.30299
11.3953
19.8263
33.8372
57.5611
98.5413
171.119
304.558
565.649
1138.44
2728.09
8101.75
7609.51
2561.22
1070.05
532.099
286.89
161.677
93.6907
55.4205
33.3832
20.4901
12.8414
8.22928
5.38906
3.6229
2.62865
2.45098
3.49307
6.30299
11.3953
19.8263
33.8372
57.5611
98.5412
171.119
304.558
565.649
1138.44
2728.09
8101.74
7609.51
2561.22
1070.05
532.099
286.89
161.677
93.6907
55.4205
33.3832
20.4901
12.8414
8.22928
5.38906
3.6229
2.62865
2.45098
3.49307
6.303
11.3953
19.8263
33.8372
57.5611
98.5412
171.119
304.558
565.648
1138.44
2728.09
8101.74
7609.51
2561.22
1070.05
532.099
286.89
161.676
93.6907
55.4204
33.3832
20.4901
12.8414
8.22928
5.38906
3.62291
2.62865
2.45098
3.49307
6.303
11.3953
19.8263
33.8372
57.5611
98.5412
171.119
304.558
565.649
1138.44
2728.09
8101.74
7609.49
2561.21
1070.05
532.1
286.891
161.678
93.6914
55.4208
33.3834
20.4902
12.8415
8.22933
5.38909
3.62292
2.62866
2.45098
3.49307
6.30297
11.3952
19.8261
33.8369
57.5606
98.5405
171.118
304.557
565.647
1138.44
2728.09
8101.77
7609.47
2561.21
1070.05
532.103
286.893
161.679
93.6922
55.4214
33.3838
20.4905
12.8417
8.22943
5.38915
3.62295
2.62868
2.45099
3.49306
6.30294
11.3951
19.8259
33.8366
57.5601
98.5397
171.117
304.556
565.647
1138.45
2728.1
8101.8
7609.49
2561.21
1070.05
532.102
286.892
161.678
93.6918
55.421
33.3835
20.4903
12.8415
8.22936
5.38911
3.62293
2.62867
2.45099
3.49308
6.30298
11.3952
19.826
33.8368
57.5604
98.5402
171.118
304.556
565.647
1138.44
2728.1
8101.78
7609.5
2561.22
1070.05
532.101
286.892
161.678
93.6914
55.4208
33.3834
20.4902
12.8415
8.22934
5.38909
3.62292
2.62866
2.45099
3.49311
6.30302
11.3952
19.8261
33.8369
57.5606
98.5405
171.118
304.557
565.648
1138.44
2728.09
8101.77
7609.51
2561.22
1070.05
532.1
286.891
161.677
93.691
55.4206
33.3833
20.4901
12.8414
8.22929
5.38906
3.6229
2.62865
2.451
3.49313
6.30308
11.3953
19.8262
33.837
57.5607
98.5406
171.118
304.557
565.647
1138.44
2728.09
8101.74
7609.51
2561.22
1070.05
532.099
286.89
161.677
93.6909
55.4206
33.3833
20.4901
12.8414
8.22927
5.38903
3.62286
2.62862
2.451
3.4932
6.30319
11.3954
19.8263
33.837
57.5606
98.5403
171.117
304.555
565.644
1138.44
2728.07
8101.7
7609.51
2561.22
1070.05
532.099
286.89
161.677
93.691
55.4207
33.3833
20.4902
12.8415
8.22928
5.38903
3.62286
2.62862
2.451
3.4932
6.3032
11.3954
19.8263
33.8369
57.5604
98.5399
171.117
304.555
565.643
1138.44
2728.07
8101.71
7609.51
2561.22
1070.05
532.099
286.89
161.677
93.6909
55.4206
33.3833
20.4902
12.8415
8.22928
5.38903
3.62286
2.62862
2.45101
3.49321
6.3032
11.3954
19.8262
33.8368
57.5601
98.5394
171.116
304.554
565.642
1138.44
2728.07
8101.72
7609.5
2561.21
1070.05
532.098
286.89
161.677
93.6909
55.4206
33.3833
20.4902
12.8415
8.22928
5.38903
3.62286
2.62862
2.45101
3.49321
6.3032
11.3954
19.8261
33.8366
57.5597
98.5387
171.115
304.552
565.641
1138.43
2728.07
8101.72
7609.5
2561.22
1070.05
532.098
286.89
161.677
93.6909
55.4206
33.3833
20.4902
12.8415
8.22928
5.38903
3.62286
2.62862
2.45101
3.49322
6.30323
11.3955
19.8263
33.8369
57.5603
98.5397
171.117
304.554
565.642
1138.43
2728.07
8101.7
7609.52
2561.22
1070.05
532.098
286.89
161.676
93.6907
55.4205
33.3832
20.4901
12.8414
8.22926
5.38902
3.62285
2.62861
2.45101
3.49324
6.30328
11.3956
19.8265
33.8373
57.561
98.5408
171.118
304.556
565.645
1138.44
2728.07
8101.69
7609.52
2561.22
1070.05
532.098
286.89
161.676
93.6907
55.4205
33.3832
20.4901
12.8414
8.22925
5.38901
3.62285
2.62862
2.45101
3.49324
6.30328
11.3956
19.8265
33.8373
57.5609
98.5407
171.118
304.556
565.644
1138.44
2728.07
8101.69
7609.51
2561.22
1070.05
532.099
286.89
161.677
93.6909
55.4206
33.3833
20.4902
12.8415
8.22927
5.38903
3.62286
2.62862
2.45101
3.49323
6.30327
11.3955
19.8265
33.8372
57.5608
98.5405
171.118
304.556
565.644
1138.44
2728.07
8101.69
7609.51
2561.22
1070.05
532.099
286.89
161.677
93.6908
55.4205
33.3832
20.4901
12.8414
8.22926
5.38902
3.62286
2.62862
2.45101
3.49323
6.30327
11.3956
19.8265
33.8373
57.5609
98.5406
171.118
304.556
565.644
1138.44
2728.07
8101.69
7609.5
2561.22
1070.05
532.101
286.892
161.678
93.6915
55.4209
33.3834
20.4902
12.8415
8.22931
5.38905
3.62288
2.62863
2.45102
3.49322
6.30323
11.3955
19.8264
33.837
57.5605
98.54
171.117
304.555
565.644
1138.44
2728.08
8101.72
7609.48
2561.21
1070.05
532.103
286.893
161.679
93.6923
55.4214
33.3838
20.4905
12.8416
8.2294
5.38911
3.62291
2.62865
2.45102
3.4932
6.30319
11.3954
19.8262
33.8368
57.5601
98.5393
171.116
304.554
565.643
1138.44
2728.08
8101.75
7609.5
2561.22
1070.05
532.102
286.893
161.678
93.6918
55.4211
33.3835
20.4903
12.8415
8.22933
5.38907
3.62289
2.62864
2.45101
3.4932
6.30319
11.3955
19.8263
33.837
57.5605
98.5399
171.117
304.555
565.644
1138.44
2728.08
8101.74
7609.51
2561.22
1070.05
532.101
286.892
161.678
93.6914
55.4208
33.3834
20.4902
12.8415
8.22931
5.38906
3.62289
2.62864
2.45101
3.49318
6.30318
11.3955
19.8264
33.8372
57.5608
98.5405
171.118
304.556
565.645
1138.44
2728.08
8101.73
7609.51
2561.22
1070.05
532.1
286.891
161.677
93.691
55.4206
33.3832
20.4901
12.8414
8.22927
5.38904
3.62289
2.62864
2.451
3.49316
6.30314
11.3954
19.8264
33.8373
57.561
98.5409
171.118
304.557
565.646
1138.44
2728.08
8101.72
)