1624
(
(0.000530715 0.00049098 3.42328)
(-0.000207206 -0.000165083 4.30889)
(-7.84919e-05 -4.88741e-05 4.76303)
(-3.29334e-05 -7.6805e-06 5.14694)
(-3.42189e-05 -8.92114e-06 5.49528)
(-4.18541e-05 -1.63513e-05 5.8219)
(-4.37279e-05 -1.91102e-05 6.1356)
(-4.38575e-05 -2.07721e-05 6.44121)
(-4.36438e-05 -2.26163e-05 6.7409)
(-4.24278e-05 -2.40976e-05 7.03446)
(-3.95977e-05 -2.45937e-05 7.31887)
(-3.49619e-05 -2.35353e-05 7.58711)
(-2.86855e-05 -2.0426e-05 7.82684)
(-2.18088e-05 -1.56587e-05 8.02066)
(-1.57157e-05 -1.05575e-05 8.15011)
(-1.17772e-05 -6.69806e-06 8.20038)
(-1.06569e-05 -5.01662e-06 8.15694)
(-1.18216e-05 -5.25106e-06 8.01319)
(-1.3536e-05 -6.07801e-06 7.78911)
(-1.46e-05 -6.70123e-06 7.51572)
(-1.47298e-05 -6.97505e-06 7.21544)
(-1.39952e-05 -6.83241e-06 6.90038)
(-1.24814e-05 -6.14251e-06 6.57546)
(-1.22258e-05 -6.58571e-06 6.24068)
(-1.78649e-05 -1.22482e-05 5.89196)
(-1.63041e-05 -1.14138e-05 5.52032)
(3.63183e-05 3.5108e-05 5.11122)
(0.000180248 0.000163256 4.62756)
(-0.000609821 -0.000543282 3.68192)
(0.00056844 0.000426264 3.42328)
(-0.000241726 -0.000144057 4.30888)
(-0.000102385 -4.36136e-05 4.76302)
(-5.36108e-05 -8.42028e-06 5.14693)
(-5.57985e-05 -1.01911e-05 5.49527)
(-6.46409e-05 -1.74001e-05 5.82189)
(-6.6795e-05 -2.05147e-05 6.13559)
(-6.64662e-05 -2.24834e-05 6.44121)
(-6.49111e-05 -2.42313e-05 6.74089)
(-6.11448e-05 -2.51552e-05 7.03445)
(-5.44896e-05 -2.47715e-05 7.31887)
(-4.52527e-05 -2.28802e-05 7.58711)
(-3.47492e-05 -1.94298e-05 7.82684)
(-2.46253e-05 -1.46327e-05 8.02065)
(-1.67664e-05 -9.75887e-06 8.15011)
(-1.20364e-05 -6.05356e-06 8.20038)
(-1.07283e-05 -4.31696e-06 8.15695)
(-1.2052e-05 -4.36317e-06 8.01319)
(-1.41241e-05 -5.16494e-06 7.78912)
(-1.57372e-05 -6.16781e-06 7.51573)
(-1.65905e-05 -7.17064e-06 7.21545)
(-1.6587e-05 -7.85486e-06 6.90039)
(-1.55939e-05 -7.89073e-06 6.57546)
(-1.57329e-05 -8.68098e-06 6.24069)
(-2.21001e-05 -1.38006e-05 5.89196)
(-2.04352e-05 -1.31219e-05 5.52032)
(3.71924e-05 2.73591e-05 5.11123)
(0.000194802 0.00013886 4.62757)
(-0.000668832 -0.000474178 3.68192)
(0.000606954 0.000354245 3.42327)
(-0.000263568 -0.000123242 4.30887)
(-0.000114574 -3.96923e-05 4.76302)
(-6.26466e-05 -1.06294e-05 5.14692)
(-6.53133e-05 -1.24359e-05 5.49527)
(-7.49891e-05 -1.8755e-05 5.82188)
(-7.72967e-05 -2.16185e-05 6.13559)
(-7.67117e-05 -2.35201e-05 6.4412)
(-7.45834e-05 -2.52831e-05 6.74089)
(-6.9868e-05 -2.63927e-05 7.03445)
(-6.17926e-05 -2.62222e-05 7.31887)
(-5.06283e-05 -2.41755e-05 7.58711)
(-3.79861e-05 -2.00492e-05 7.82683)
(-2.60949e-05 -1.45189e-05 8.02065)
(-1.71736e-05 -9.25662e-06 8.15011)
(-1.19691e-05 -5.41469e-06 8.20038)
(-1.05854e-05 -3.50859e-06 8.15695)
(-1.21118e-05 -3.2082e-06 8.01319)
(-1.4602e-05 -3.63117e-06 7.78912)
(-1.67729e-05 -4.40237e-06 7.51573)
(-1.81371e-05 -5.41709e-06 7.21545)
(-1.84891e-05 -6.35456e-06 6.90039)
(-1.77182e-05 -6.83696e-06 6.57547)
(-1.81325e-05 -7.92656e-06 6.2407)
(-2.51705e-05 -1.25409e-05 5.89197)
(-2.35023e-05 -1.21922e-05 5.52033)
(3.83144e-05 2.15387e-05 5.11123)
(0.000207535 0.000114746 4.62757)
(-0.000719017 -0.000397497 3.68193)
(0.000640416 0.000244113 3.42326)
(-0.000279702 -0.000141209 4.30886)
(-0.000123456 -7.79584e-05 4.76301)
(-6.99127e-05 -5.6352e-05 5.14691)
(-7.42344e-05 -5.80027e-05 5.49526)
(-8.60492e-05 -6.21531e-05 5.82188)
(-8.98904e-05 -6.25026e-05 6.13558)
(-9.00124e-05 -6.09047e-05 6.4412)
(-8.72682e-05 -5.77267e-05 6.74088)
(-8.01978e-05 -5.22718e-05 7.03445)
(-6.83711e-05 -4.42511e-05 7.31886)
(-5.33967e-05 -3.43613e-05 7.5871)
(-3.82815e-05 -2.41905e-05 7.82683)
(-2.54501e-05 -1.53402e-05 8.02065)
(-1.64184e-05 -8.81816e-06 8.15011)
(-1.13339e-05 -4.62618e-06 8.20038)
(-1.01148e-05 -2.48068e-06 8.15695)
(-1.18916e-05 -1.64775e-06 8.01319)
(-1.4955e-05 -1.2117e-06 7.78912)
(-1.84439e-05 -8.40321e-07 7.51573)
(-2.20214e-05 -5.9236e-07 7.21546)
(-2.49378e-05 -3.44941e-07 6.9004)
(-2.63234e-05 1.71745e-07 6.57547)
(-2.82525e-05 9.24783e-08 6.2407)
(-3.64896e-05 -2.95098e-06 5.89198)
(-3.5001e-05 -2.30269e-06 5.52034)
(3.04119e-05 2.44793e-05 5.11124)
(0.000209642 9.8002e-05 4.62758)
(-0.000766737 -0.00030823 3.68194)
(0.000702806 0.000146674 3.42328)
(-0.000245072 -0.000137365 4.30888)
(-7.82618e-05 -9.30482e-05 4.76302)
(-1.94351e-05 -7.74275e-05 5.14693)
(-2.1644e-05 -7.74412e-05 5.49527)
(-3.25538e-05 -7.82531e-05 5.82189)
(-3.63843e-05 -7.55109e-05 6.13559)
(-3.81514e-05 -7.07809e-05 6.44121)
(-3.95669e-05 -6.44988e-05 6.74089)
(-3.97752e-05 -5.62154e-05 7.03446)
(-3.79886e-05 -4.57735e-05 7.31887)
(-3.38551e-05 -3.40035e-05 7.58711)
(-2.74852e-05 -2.26441e-05 7.82684)
(-2.03432e-05 -1.35542e-05 8.02066)
(-1.40185e-05 -7.26557e-06 8.15011)
(-1.00539e-05 -3.38636e-06 8.20038)
(-9.21292e-06 -1.28959e-06 8.15695)
(-1.08985e-05 -2.15057e-08 8.01319)
(-1.33694e-05 1.45413e-06 7.78912)
(-1.5636e-05 3.71591e-06 7.51573)
(-1.74449e-05 6.68401e-06 7.21545)
(-1.85074e-05 9.90899e-06 6.90039)
(-1.84815e-05 1.29667e-05 6.57546)
(-1.9727e-05 1.49019e-05 6.24069)
(-2.81335e-05 1.39469e-05 5.89197)
(-2.6835e-05 1.49726e-05 5.52032)
(4.06626e-05 3.4256e-05 5.11123)
(0.000226228 8.66539e-05 4.62757)
(-0.000791203 -0.000209789 3.68192)
(0.00073392 9.16996e-05 3.42329)
(-0.000234611 -7.93863e-05 4.3089)
(-6.12004e-05 -5.22039e-05 4.76304)
(1.13751e-06 -4.24876e-05 5.14695)
(6.99354e-07 -4.23118e-05 5.49529)
(-8.90411e-06 -4.27215e-05 5.8219)
(-1.16947e-05 -4.11435e-05 6.1356)
(-1.31325e-05 -3.8627e-05 6.44122)
(-1.53443e-05 -3.55536e-05 6.7409)
(-1.77813e-05 -3.16927e-05 7.03446)
(-1.97438e-05 -2.6743e-05 7.31888)
(-2.03493e-05 -2.06461e-05 7.58712)
(-1.90103e-05 -1.42191e-05 7.82684)
(-1.56955e-05 -8.53712e-06 8.02066)
(-1.16439e-05 -4.37772e-06 8.15011)
(-8.73395e-06 -1.71683e-06 8.20038)
(-8.21063e-06 -1.65575e-07 8.15695)
(-9.64593e-06 9.65958e-07 8.01319)
(-1.1234e-05 2.37868e-06 7.78911)
(-1.19322e-05 4.35516e-06 7.51573)
(-1.17125e-05 6.63756e-06 7.21544)
(-1.07152e-05 8.83199e-06 6.90038)
(-8.9592e-06 1.07299e-05 6.57545)
(-9.04515e-06 1.18401e-05 6.24068)
(-1.7035e-05 1.11446e-05 5.89195)
(-1.55586e-05 1.16119e-05 5.52031)
(5.34039e-05 2.30932e-05 5.11122)
(0.000243021 5.45567e-05 4.62755)
(-0.000803014 -0.000125244 3.68191)
(0.000740259 3.41006e-05 3.42329)
(-0.000241272 -2.25294e-05 4.30889)
(-6.57082e-05 -1.31993e-05 4.76304)
(-2.45482e-06 -9.86671e-06 5.14695)
(-2.61052e-06 -9.85102e-06 5.49529)
(-1.187e-05 -1.01413e-05 5.8219)
(-1.40281e-05 -9.87046e-06 6.1356)
(-1.45769e-05 -9.39628e-06 6.44122)
(-1.56343e-05 -8.86856e-06 6.7409)
(-1.6698e-05 -8.22227e-06 7.03446)
(-1.73442e-05 -7.30064e-06 7.31888)
(-1.72542e-05 -5.89645e-06 7.58711)
(-1.61028e-05 -4.13216e-06 7.82684)
(-1.36077e-05 -2.31654e-06 8.02066)
(-1.03788e-05 -8.4755e-07 8.15011)
(-7.92345e-06 1.95264e-07 8.20038)
(-7.53669e-06 9.05766e-07 8.15695)
(-8.79799e-06 1.51775e-06 8.01319)
(-9.91394e-06 2.24943e-06 7.78911)
(-9.96693e-06 3.14003e-06 7.51573)
(-9.1848e-06 4.03297e-06 7.21545)
(-7.85742e-06 4.77643e-06 6.90038)
(-5.95936e-06 5.33808e-06 6.57546)
(-6.03145e-06 5.59862e-06 6.24068)
(-1.41622e-05 5.2438e-06 5.89196)
(-1.27463e-05 5.27612e-06 5.52031)
(5.69709e-05 8.99129e-06 5.11122)
(0.000248814 1.93806e-05 4.62756)
(-0.0008112 -4.1021e-05 3.68191)
(0.000740307 -3.32311e-05 3.42329)
(-0.000241211 2.36162e-05 4.30889)
(-6.56413e-05 1.43921e-05 4.76304)
(-2.38373e-06 1.11437e-05 5.14694)
(-2.53627e-06 1.11999e-05 5.49529)
(-1.17936e-05 1.15555e-05 5.8219)
(-1.39506e-05 1.1347e-05 6.1356)
(-1.44994e-05 1.09281e-05 6.44122)
(-1.55579e-05 1.04353e-05 6.7409)
(-1.66218e-05 9.7957e-06 7.03446)
(-1.72627e-05 8.86871e-06 7.31888)
(-1.71489e-05 7.49543e-06 7.58711)
(-1.59875e-05 5.7982e-06 7.82684)
(-1.34881e-05 4.12554e-06 8.02066)
(-1.02521e-05 2.88429e-06 8.15011)
(-7.78084e-06 2.18347e-06 8.20038)
(-7.36387e-06 1.92716e-06 8.15695)
(-8.58155e-06 1.86623e-06 8.01319)
(-9.62702e-06 1.7408e-06 7.78912)
(-9.56954e-06 1.47102e-06 7.51573)
(-8.64241e-06 1.16786e-06 7.21545)
(-7.16486e-06 9.14964e-07 6.90038)
(-5.14223e-06 6.90108e-07 6.57546)
(-5.13144e-06 5.97361e-07 6.24068)
(-1.32229e-05 9.62693e-07 5.89196)
(-1.18056e-05 7.96756e-07 5.52031)
(5.78798e-05 -3.1988e-06 5.11122)
(0.000249654 -1.40463e-05 4.62756)
(-0.000810517 4.55336e-05 3.68191)
(0.000734078 -9.0762e-05 3.42329)
(-0.000234412 8.05583e-05 4.30889)
(-6.09834e-05 5.34906e-05 4.76304)
(1.36869e-06 4.38656e-05 5.14695)
(9.41131e-07 4.37667e-05 5.49529)
(-8.65542e-06 4.4242e-05 5.8219)
(-1.14437e-05 4.27174e-05 6.1356)
(-1.28845e-05 4.0235e-05 6.44122)
(-1.51047e-05 3.71689e-05 6.7409)
(-1.75516e-05 3.32925e-05 7.03446)
(-1.95121e-05 2.83357e-05 7.31888)
(-2.01492e-05 2.23012e-05 7.58711)
(-1.87518e-05 1.59169e-05 7.82684)
(-1.54027e-05 1.03647e-05 8.02066)
(-1.13033e-05 6.4149e-06 8.15011)
(-8.32772e-06 4.07737e-06 8.20038)
(-7.71257e-06 2.9574e-06 8.15695)
(-9.03432e-06 2.33117e-06 8.01319)
(-1.04633e-05 1.42325e-06 7.78912)
(-1.0932e-05 -1.35966e-07 7.51573)
(-1.04187e-05 -2.14012e-06 7.21545)
(-9.12403e-06 -4.20234e-06 6.90038)
(-7.13751e-06 -6.09198e-06 6.57546)
(-7.09071e-06 -7.28909e-06 6.24068)
(-1.50391e-05 -6.75203e-06 5.89196)
(-1.35938e-05 -7.43895e-06 5.52031)
(5.52777e-05 -1.92068e-05 5.11122)
(0.000244737 -5.10496e-05 4.62755)
(-0.000801623 0.000128211 3.68191)
(0.000703103 -0.000145632 3.42328)
(-0.000244702 0.000138664 4.30888)
(-7.78572e-05 9.44695e-05 4.76302)
(-1.90054e-05 7.894e-05 5.14693)
(-2.11973e-05 7.90199e-05 5.49527)
(-3.2099e-05 7.9871e-05 5.82189)
(-3.59319e-05 7.71382e-05 6.13559)
(-3.77107e-05 7.23886e-05 6.44121)
(-3.91421e-05 6.6069e-05 6.74089)
(-3.93636e-05 5.77506e-05 7.03446)
(-3.75796e-05 4.72909e-05 7.31887)
(-3.34331e-05 3.55397e-05 7.58711)
(-2.70535e-05 2.42419e-05 7.82684)
(-1.98505e-05 1.53077e-05 8.02066)
(-1.34507e-05 9.25289e-06 8.15011)
(-9.38299e-06 5.69894e-06 8.20038)
(-8.40938e-06 4.01709e-06 8.15695)
(-9.9595e-06 3.21916e-06 8.0132)
(-1.23048e-05 2.18691e-06 7.78912)
(-1.44862e-05 2.39906e-07 7.51573)
(-1.6267e-05 -2.59213e-06 7.21545)
(-1.73512e-05 -5.84159e-06 6.90039)
(-1.7374e-05 -9.03072e-06 6.57547)
(-1.86803e-05 -1.11635e-05 6.24069)
(-2.71541e-05 -1.04448e-05 5.89197)
(-2.59285e-05 -1.1733e-05 5.52033)
(4.14877e-05 -3.13095e-05 5.11123)
(0.000226957 -8.40537e-05 4.62757)
(-0.000790588 0.000211979 3.68192)
(0.000640851 -0.000243053 3.42326)
(-0.000279159 0.000142534 4.30886)
(-0.000122861 7.94111e-05 4.76301)
(-6.92758e-05 5.79031e-05 5.14691)
(-7.35659e-05 5.96281e-05 5.49526)
(-8.53597e-05 6.38253e-05 5.82188)
(-8.91941e-05 6.41856e-05 6.13558)
(-8.93253e-05 6.25579e-05 6.4412)
(-8.66013e-05 5.93234e-05 6.74088)
(-7.95515e-05 5.38142e-05 7.03445)
(-6.77396e-05 4.57573e-05 7.31886)
(-5.27668e-05 3.58706e-05 7.5871)
(-3.7623e-05 2.57654e-05 7.82683)
(-2.47469e-05 1.70376e-05 8.02065)
(-1.56179e-05 1.0746e-05 8.15011)
(-1.0393e-05 6.88418e-06 8.20038)
(-9.00363e-06 5.15273e-06 8.15695)
(-1.06094e-05 4.80152e-06 8.0132)
(-1.35408e-05 4.8511e-06 7.78913)
(-1.69847e-05 4.90069e-06 7.51574)
(-2.06138e-05 4.96832e-06 7.21546)
(-2.36425e-05 4.92482e-06 6.9004)
(-2.51612e-05 4.48966e-06 6.57548)
(-2.72161e-05 4.53774e-06 6.24071)
(-3.55615e-05 7.45667e-06 5.89199)
(-3.41672e-05 6.60496e-06 5.52034)
(3.11567e-05 -2.04602e-05 5.11125)
(0.000210295 -9.43708e-05 4.62759)
(-0.00076615 0.000311279 3.68194)
(0.000607457 -0.000353332 3.42327)
(-0.000262941 0.000124383 4.30887)
(-0.000113885 4.0943e-05 4.76302)
(-6.19107e-05 1.19646e-05 5.14692)
(-6.45403e-05 1.3836e-05 5.49527)
(-7.41897e-05 2.01988e-05 5.82189)
(-7.64838e-05 2.30802e-05 6.13559)
(-7.58991e-05 2.49718e-05 6.44121)
(-7.37819e-05 2.67042e-05 6.74089)
(-6.90786e-05 2.77832e-05 7.03446)
(-6.10076e-05 2.76033e-05 7.31887)
(-4.98328e-05 2.55865e-05 7.58711)
(-3.71442e-05 2.1546e-05 7.82684)
(-2.51774e-05 1.61516e-05 8.02066)
(-1.6122e-05 1.11181e-05 8.15011)
(-1.07387e-05 7.6061e-06 8.20038)
(-9.14374e-06 6.10703e-06 8.15695)
(-1.04388e-05 6.29688e-06 8.0132)
(-1.27145e-05 7.26032e-06 7.78913)
(-1.47317e-05 8.58297e-06 7.51574)
(-1.60201e-05 1.01109e-05 7.21546)
(-1.63519e-05 1.14743e-05 6.9004)
(-1.55974e-05 1.22446e-05 6.57547)
(-1.60524e-05 1.34673e-05 6.2407)
(-2.315e-05 1.80707e-05 5.89198)
(-2.15637e-05 1.75821e-05 5.52033)
(4.01398e-05 -1.64174e-05 5.11124)
(0.000209204 -0.00011005 4.62758)
(-0.00071757 0.000401448 3.68193)
(0.00056911 -0.00042532 3.42328)
(-0.000240891 0.000145235 4.30888)
(-0.000101471 4.49034e-05 4.76303)
(-5.26371e-05 9.79462e-06 5.14693)
(-5.47802e-05 1.16282e-05 5.49528)
(-6.35941e-05 1.88773e-05 5.82189)
(-6.57367e-05 2.20066e-05 6.13559)
(-6.54131e-05 2.3964e-05 6.44121)
(-6.38742e-05 2.56797e-05 6.74089)
(-6.01237e-05 2.65647e-05 7.03446)
(-5.34708e-05 2.61535e-05 7.31887)
(-4.42104e-05 2.42685e-05 7.58711)
(-3.36432e-05 2.08857e-05 7.82684)
(-2.34365e-05 1.6214e-05 8.02066)
(-1.5434e-05 1.15525e-05 8.15011)
(-1.05023e-05 8.15875e-06 8.20039)
(-8.94401e-06 6.80843e-06 8.15695)
(-9.96505e-06 7.31673e-06 8.0132)
(-1.16966e-05 8.63545e-06 7.78913)
(-1.2959e-05 1.017e-05 7.51574)
(-1.34753e-05 1.16746e-05 7.21546)
(-1.31794e-05 1.27755e-05 6.9004)
(-1.19662e-05 1.31039e-05 6.57547)
(-1.19796e-05 1.40434e-05 6.2407)
(-1.83181e-05 1.91769e-05 5.89197)
(-1.67172e-05 1.83873e-05 5.52033)
(4.07512e-05 -2.23321e-05 5.11123)
(0.000198088 -0.000134226 4.62757)
(-0.000666056 0.000478094 3.68193)
(0.000531534 -0.000490064 3.42328)
(-0.000206185 0.000166224 4.30889)
(-7.73754e-05 5.01219e-05 4.76303)
(-3.17455e-05 9.00818e-06 5.14694)
(-3.29786e-05 1.03073e-05 5.49528)
(-4.05806e-05 1.77743e-05 5.8219)
(-4.24411e-05 2.05469e-05 6.1356)
(-4.25754e-05 2.22006e-05 6.44121)
(-4.23768e-05 2.40219e-05 6.7409)
(-4.11715e-05 2.54806e-05 7.03446)
(-3.83347e-05 2.59704e-05 7.31887)
(-3.36633e-05 2.49364e-05 7.58711)
(-2.73332e-05 2.18795e-05 7.82684)
(-2.03508e-05 1.72254e-05 8.02066)
(-1.4105e-05 1.23044e-05 8.15011)
(-9.94639e-06 8.71917e-06 8.20039)
(-8.54777e-06 7.37819e-06 8.15695)
(-9.36156e-06 8.00807e-06 8.0132)
(-1.06698e-05 9.243e-06 7.78913)
(-1.13178e-05 1.02092e-05 7.51574)
(-1.10653e-05 1.06962e-05 7.21546)
(-1.00335e-05 1.0635e-05 6.9004)
(-8.3411e-06 9.93473e-06 6.57547)
(-8.02844e-06 1.0311e-05 6.2407)
(-1.37165e-05 1.58623e-05 5.89197)
(-1.22944e-05 1.48707e-05 5.52032)
(4.01025e-05 -3.18656e-05 5.11123)
(0.000183699 -0.000160308 4.62757)
(-0.00060694 0.000545789 3.68192)
(0.000488749 0.00053271 3.42328)
(-0.000167861 -0.000204721 4.30889)
(-5.19116e-05 -7.57756e-05 4.76303)
(-1.09102e-05 -3.00452e-05 5.14694)
(-1.22901e-05 -3.12062e-05 5.49528)
(-1.98059e-05 -3.87648e-05 5.8219)
(-2.25939e-05 -4.06129e-05 6.1356)
(-2.42309e-05 -4.07657e-05 6.44121)
(-2.60131e-05 -4.06098e-05 6.7409)
(-2.74303e-05 -3.94561e-05 7.03446)
(-2.78985e-05 -3.66592e-05 7.31887)
(-2.6889e-05 -3.19832e-05 7.58711)
(-2.39195e-05 -2.56074e-05 7.82684)
(-1.94087e-05 -1.8458e-05 8.02065)
(-1.47249e-05 -1.1969e-05 8.15011)
(-1.14774e-05 -7.46382e-06 8.20038)
(-1.05577e-05 -5.6489e-06 8.15694)
(-1.17134e-05 -5.98999e-06 8.01319)
(-1.35306e-05 -6.80317e-06 7.78911)
(-1.5048e-05 -6.98637e-06 7.51572)
(-1.59862e-05 -6.34874e-06 7.21544)
(-1.62387e-05 -5.04412e-06 6.90038)
(-1.57054e-05 -3.20122e-06 6.57546)
(-1.61134e-05 -2.85513e-06 6.24068)
(-2.15767e-05 -8.61693e-06 5.89196)
(-2.03902e-05 -7.36542e-06 5.52031)
(2.66434e-05 4.47679e-05 5.11122)
(0.000155508 0.000187988 4.62756)
(-0.000549667 -0.000603472 3.68192)
(0.000423772 0.000570205 3.42328)
(-0.00014716 -0.000239528 4.30888)
(-4.70048e-05 -9.99823e-05 4.76302)
(-1.20248e-05 -5.10567e-05 5.14693)
(-1.39497e-05 -5.31346e-05 5.49527)
(-2.12526e-05 -6.19097e-05 5.82189)
(-2.43973e-05 -6.40412e-05 6.13559)
(-2.63349e-05 -6.37334e-05 6.44121)
(-2.80085e-05 -6.22301e-05 6.74089)
(-2.88539e-05 -5.85191e-05 7.03445)
(-2.84299e-05 -5.18926e-05 7.31887)
(-2.65803e-05 -4.2623e-05 7.58711)
(-2.33013e-05 -3.19847e-05 7.82683)
(-1.87711e-05 -2.1652e-05 8.02065)
(-1.43529e-05 -1.3423e-05 8.15011)
(-1.1298e-05 -8.18296e-06 8.20038)
(-1.03708e-05 -6.26808e-06 8.15694)
(-1.14238e-05 -6.90389e-06 8.01319)
(-1.33614e-05 -8.23929e-06 7.78911)
(-1.54966e-05 -9.12845e-06 7.51573)
(-1.75016e-05 -9.33215e-06 7.21545)
(-1.89611e-05 -8.80467e-06 6.90039)
(-1.94983e-05 -7.44837e-06 6.57546)
(-2.04936e-05 -7.41876e-06 6.24069)
(-2.55446e-05 -1.38105e-05 5.89196)
(-2.45492e-05 -1.23512e-05 5.52032)
(1.64939e-05 4.48905e-05 5.11123)
(0.000128853 0.000201898 4.62757)
(-0.00048244 -0.000662971 3.68192)
(0.000351409 0.000608517 3.42327)
(-0.00012677 -0.000261623 4.30887)
(-4.35452e-05 -0.000112448 4.76301)
(-1.47218e-05 -6.03873e-05 5.14692)
(-1.67002e-05 -6.29567e-05 5.49527)
(-2.31221e-05 -7.2572e-05 5.82188)
(-2.60143e-05 -7.48591e-05 6.13558)
(-2.78734e-05 -7.4293e-05 6.4412)
(-2.95459e-05 -7.22133e-05 6.74089)
(-3.05637e-05 -6.75533e-05 7.03445)
(-3.03464e-05 -5.95163e-05 7.31887)
(-2.83451e-05 -4.83426e-05 7.5871)
(-2.43982e-05 -3.55929e-05 7.82683)
(-1.91341e-05 -2.35041e-05 8.02065)
(-1.43339e-05 -1.42321e-05 8.15011)
(-1.11412e-05 -8.57188e-06 8.20038)
(-1.00438e-05 -6.68334e-06 8.15694)
(-1.07723e-05 -7.69105e-06 8.01319)
(-1.23752e-05 -9.68106e-06 7.78912)
(-1.43324e-05 -1.1431e-05 7.51573)
(-1.63981e-05 -1.24894e-05 7.21545)
(-1.81674e-05 -1.26362e-05 6.90039)
(-1.91795e-05 -1.17647e-05 6.57547)
(-2.04783e-05 -1.21827e-05 6.2407)
(-2.50062e-05 -1.93224e-05 5.89197)
(-2.43051e-05 -1.78523e-05 5.52033)
(1.00386e-05 4.36623e-05 5.11123)
(0.000104174 0.000212449 4.62757)
(-0.000406207 -0.00071494 3.68193)
(0.000240763 0.000641803 3.42326)
(-0.00014537 -0.000277978 4.30886)
(-8.24967e-05 -0.000121575 4.763)
(-6.11645e-05 -6.79152e-05 5.14691)
(-6.30066e-05 -7.2154e-05 5.49526)
(-6.72637e-05 -8.39195e-05 5.82187)
(-6.76282e-05 -8.77484e-05 6.13558)
(-6.59578e-05 -8.78942e-05 6.4412)
(-6.2656e-05 -8.51974e-05 6.74088)
(-5.70855e-05 -7.81763e-05 7.03444)
(-4.89979e-05 -6.63809e-05 7.31886)
(-3.91402e-05 -5.13948e-05 7.5871)
(-2.91398e-05 -3.61803e-05 7.82683)
(-2.05229e-05 -2.31765e-05 8.02065)
(-1.44313e-05 -1.38333e-05 8.15011)
(-1.08395e-05 -8.35514e-06 8.20038)
(-9.45626e-06 -6.73575e-06 8.15694)
(-9.60691e-06 -8.16265e-06 8.01319)
(-1.02854e-05 -1.09394e-05 7.78912)
(-1.09798e-05 -1.42415e-05 7.51573)
(-1.16146e-05 -1.77334e-05 7.21545)
(-1.20121e-05 -2.06395e-05 6.9004)
(-1.18497e-05 -2.20796e-05 6.57547)
(-1.19965e-05 -2.41114e-05 6.2407)
(-1.48514e-05 -3.24917e-05 5.89198)
(-1.3787e-05 -3.11891e-05 5.52034)
(1.36352e-05 3.39854e-05 5.11124)
(8.80759e-05 0.000212903 4.62758)
(-0.000316385 -0.000764034 3.68194)
(0.000142779 0.000703926 3.42327)
(-0.000142188 -0.000243685 4.30888)
(-9.82955e-05 -7.67503e-05 4.76302)
(-8.29743e-05 -1.78352e-05 5.14693)
(-8.31884e-05 -1.99832e-05 5.49527)
(-8.41032e-05 -3.08591e-05 5.82189)
(-8.1367e-05 -3.46831e-05 6.13559)
(-7.65582e-05 -3.64671e-05 6.44121)
(-7.01476e-05 -3.7912e-05 6.74089)
(-6.1741e-05 -3.81457e-05 7.03445)
(-5.12351e-05 -3.63596e-05 7.31887)
(-3.95077e-05 -3.21844e-05 7.58711)
(-2.82286e-05 -2.57377e-05 7.82683)
(-1.94181e-05 -1.8366e-05 8.02065)
(-1.34899e-05 -1.17412e-05 8.15011)
(-1.01148e-05 -7.4342e-06 8.20038)
(-8.69143e-06 -6.29557e-06 8.15694)
(-8.31953e-06 -7.77862e-06 8.01319)
(-7.87051e-06 -1.01128e-05 7.78911)
(-6.56198e-06 -1.22917e-05 7.51573)
(-4.3112e-06 -1.40525e-05 7.21545)
(-1.51139e-06 -1.51057e-05 6.90039)
(1.3955e-06 -1.51058e-05 6.57546)
(3.4146e-06 -1.6412e-05 6.24069)
(2.74846e-06 -2.4918e-05 5.89196)
(4.24526e-06 -2.37614e-05 5.52032)
(2.41835e-05 4.3546e-05 5.11123)
(7.74735e-05 0.000228856 4.62757)
(-0.000217323 -0.000789046 3.68192)
(8.71154e-05 0.000734698 3.42329)
(-8.5047e-05 -0.000233647 4.30889)
(-5.83493e-05 -6.01516e-05 4.76304)
(-4.89701e-05 2.24814e-06 5.14694)
(-4.90187e-05 1.85491e-06 5.49528)
(-4.95499e-05 -7.71819e-06 5.8219)
(-4.79968e-05 -1.04916e-05 6.1356)
(-4.5419e-05 -1.1923e-05 6.44121)
(-4.22237e-05 -1.41339e-05 6.7409)
(-3.82282e-05 -1.65634e-05 7.03446)
(-3.32004e-05 -1.8491e-05 7.31887)
(-2.70725e-05 -1.90551e-05 7.58711)
(-2.07403e-05 -1.75458e-05 7.82684)
(-1.52374e-05 -1.39795e-05 8.02065)
(-1.13139e-05 -9.62241e-06 8.15011)
(-9.01255e-06 -6.40536e-06 8.20038)
(-8.00727e-06 -5.68746e-06 8.15694)
(-7.67657e-06 -7.06172e-06 8.01319)
(-7.26e-06 -8.63603e-06 7.78911)
(-6.28974e-06 -9.26285e-06 7.51572)
(-4.85589e-06 -8.86813e-06 7.21544)
(-3.25772e-06 -7.6452e-06 6.90038)
(-1.6743e-06 -5.69987e-06 6.57545)
(-6.07878e-07 -5.68474e-06 6.24068)
(-1.10401e-06 -1.36701e-05 5.89195)
(-2.14794e-07 -1.22757e-05 5.52031)
(1.19144e-05 5.65254e-05 5.11121)
(4.43094e-05 0.000245886 4.62755)
(-0.000133691 -0.000800689 3.68191)
(2.84082e-05 0.00074058 3.42329)
(-2.95336e-05 -0.000240872 4.30889)
(-2.07803e-05 -6.52705e-05 4.76304)
(-1.78348e-05 -1.98594e-06 5.14694)
(-1.80616e-05 -2.11329e-06 5.49528)
(-1.84669e-05 -1.13443e-05 5.8219)
(-1.81991e-05 -1.34713e-05 6.1356)
(-1.7636e-05 -1.39848e-05 6.44121)
(-1.69569e-05 -1.50007e-05 6.7409)
(-1.6142e-05 -1.60095e-05 7.03446)
(-1.50938e-05 -1.65678e-05 7.31887)
(-1.35649e-05 -1.63332e-05 7.58711)
(-1.18221e-05 -1.49421e-05 7.82684)
(-1.00438e-05 -1.21169e-05 8.02065)
(-8.63978e-06 -8.54357e-06 8.15011)
(-7.73309e-06 -5.79955e-06 8.20038)
(-7.37389e-06 -5.33395e-06 8.15694)
(-7.41462e-06 -6.72728e-06 8.01319)
(-7.63203e-06 -8.08433e-06 7.78911)
(-7.85162e-06 -8.36013e-06 7.51572)
(-8.06207e-06 -7.70695e-06 7.21544)
(-8.24749e-06 -6.42149e-06 6.90038)
(-8.32387e-06 -4.52197e-06 6.57545)
(-8.36907e-06 -4.58796e-06 6.24068)
(-8.70698e-06 -1.27298e-05 5.89195)
(-8.35443e-06 -1.13506e-05 5.52031)
(-4.0131e-06 5.83001e-05 5.11121)
(7.37186e-06 0.000250037 4.62755)
(-5.0969e-05 -0.000810207 3.68191)
(-4.06053e-05 0.000739894 3.42329)
(1.45787e-05 -0.000241712 4.30889)
(4.64317e-06 -6.61721e-05 4.76304)
(9.39423e-07 -2.92206e-06 5.14694)
(7.37003e-07 -3.06039e-06 5.49528)
(1.00615e-06 -1.22785e-05 5.8219)
(8.57494e-07 -1.43678e-05 6.1356)
(6.06343e-07 -1.48199e-05 6.44121)
(3.35525e-07 -1.57538e-05 6.7409)
(-8.90409e-08 -1.66625e-05 7.03446)
(-8.55676e-07 -1.70972e-05 7.31887)
(-2.00756e-06 -1.67014e-05 7.58711)
(-3.56883e-06 -1.51361e-05 7.82684)
(-5.00295e-06 -1.21531e-05 8.02065)
(-5.97661e-06 -8.49591e-06 8.15011)
(-6.47493e-06 -5.74086e-06 8.20038)
(-6.78099e-06 -5.36642e-06 8.15694)
(-7.232e-06 -6.93232e-06 8.01319)
(-8.09579e-06 -8.53369e-06 7.78911)
(-9.32289e-06 -9.10743e-06 7.51572)
(-1.06291e-05 -8.76968e-06 7.21544)
(-1.17535e-05 -7.76918e-06 6.90038)
(-1.25914e-05 -6.08707e-06 6.57545)
(-1.29876e-05 -6.2895e-06 6.24068)
(-1.26176e-05 -1.44913e-05 5.89195)
(-1.24846e-05 -1.31073e-05 5.52031)
(-1.5881e-05 5.66047e-05 5.11122)
(-2.57656e-05 0.000248465 4.62755)
(3.58125e-05 -0.000811488 3.68191)
(-0.00010099 0.000732341 3.42329)
(6.80778e-05 -0.000236526 4.30889)
(4.00751e-05 -6.32386e-05 4.76304)
(2.98809e-05 -9.50964e-07 5.14694)
(2.94931e-05 -1.37542e-06 5.49528)
(2.99189e-05 -1.08984e-05 5.8219)
(2.85407e-05 -1.3538e-05 6.1356)
(2.6342e-05 -1.4753e-05 6.44121)
(2.36267e-05 -1.66692e-05 6.7409)
(2.01058e-05 -1.8729e-05 7.03446)
(1.54852e-05 -2.01961e-05 7.31887)
(9.92616e-06 -2.01695e-05 7.58711)
(4.10291e-06 -1.80679e-05 7.82684)
(-6.82057e-07 -1.40053e-05 8.02065)
(-3.78995e-06 -9.41406e-06 8.15011)
(-5.43237e-06 -6.17491e-06 8.20038)
(-6.17761e-06 -5.7336e-06 8.15694)
(-6.81223e-06 -7.60414e-06 8.01319)
(-8.07897e-06 -9.84973e-06 7.78911)
(-1.01758e-05 -1.12551e-05 7.51572)
(-1.27163e-05 -1.16504e-05 7.21544)
(-1.51913e-05 -1.11183e-05 6.90038)
(-1.73112e-05 -9.67786e-06 6.57545)
(-1.85383e-05 -9.95644e-06 6.24068)
(-1.78343e-05 -1.80476e-05 5.89195)
(-1.81607e-05 -1.6607e-05 5.52031)
(-2.93616e-05 5.23693e-05 5.11122)
(-6.03739e-05 0.000242048 4.62755)
(0.000120491 -0.000803817 3.68191)
(-0.000160199 0.000698928 3.42327)
(0.000120958 -0.000249768 4.30888)
(7.54939e-05 -8.32425e-05 4.76302)
(5.92263e-05 -2.45149e-05 5.14693)
(5.89714e-05 -2.6661e-05 5.49527)
(5.98203e-05 -3.73431e-05 5.82189)
(5.73408e-05 -4.07772e-05 6.13559)
(5.3008e-05 -4.19837e-05 6.4412)
(4.71811e-05 -4.26842e-05 6.74089)
(3.93983e-05 -4.20276e-05 7.03445)
(2.95868e-05 -3.92068e-05 7.31887)
(1.8749e-05 -3.38555e-05 7.5871)
(8.9556e-06 -2.6244e-05 7.82683)
(1.72327e-06 -1.80532e-05 8.02065)
(-2.6071e-06 -1.10909e-05 8.15011)
(-4.78597e-06 -6.86442e-06 8.20038)
(-5.56011e-06 -6.21709e-06 8.15694)
(-5.91685e-06 -8.4757e-06 8.01319)
(-6.90168e-06 -1.17662e-05 7.78911)
(-8.99989e-06 -1.49137e-05 7.51572)
(-1.20056e-05 -1.74976e-05 7.21545)
(-1.5356e-05 -1.91546e-05 6.90039)
(-1.8547e-05 -1.95399e-05 6.57546)
(-2.05603e-05 -2.10423e-05 6.24069)
(-1.9595e-05 -2.95869e-05 5.89197)
(-2.05063e-05 -2.83383e-05 5.52032)
(-3.95596e-05 3.91784e-05 5.11123)
(-9.15831e-05 0.00022483 4.62757)
(0.000205755 -0.000792365 3.68192)
(-0.000269153 0.000630066 3.42326)
(0.000111018 -0.00029215 4.30886)
(4.58261e-05 -0.000136615 4.763)
(2.32621e-05 -8.32964e-05 5.14691)
(2.47144e-05 -8.7421e-05 5.49525)
(2.92869e-05 -9.86142e-05 5.82187)
(3.0532e-05 -0.000101393 6.13557)
(3.01521e-05 -9.99907e-05 6.44119)
(2.84269e-05 -9.52395e-05 6.74088)
(2.47086e-05 -8.56901e-05 7.03444)
(1.88961e-05 -7.10638e-05 7.31886)
(1.18866e-05 -5.33379e-05 7.5871)
(5.28935e-06 -3.59043e-05 7.82683)
(1.55425e-07 -2.18897e-05 8.02065)
(-3.08841e-06 -1.23162e-05 8.15011)
(-4.67744e-06 -7.17296e-06 8.20038)
(-4.89183e-06 -6.35411e-06 8.15694)
(-4.33923e-06 -8.85547e-06 8.01319)
(-3.88553e-06 -1.28846e-05 7.78911)
(-3.75454e-06 -1.73988e-05 7.51573)
(-3.77668e-06 -2.18825e-05 7.21545)
(-3.96797e-06 -2.55025e-05 6.9004)
(-4.49792e-06 -2.73824e-05 6.57547)
(-4.4331e-06 -2.96267e-05 6.2407)
(-1.36301e-06 -3.80404e-05 5.89198)
(-1.91924e-06 -3.66246e-05 5.52034)
(-2.85272e-05 2.87974e-05 5.11124)
(-0.000101769 0.000208114 4.62758)
(0.000305147 -0.00076802 3.68194)
(-0.000400028 0.000595674 3.42327)
(6.78886e-05 -0.000276374 4.30887)
(-1.92979e-05 -0.000127482 4.76302)
(-5.01666e-05 -7.50079e-05 5.14693)
(-4.87367e-05 -7.6533e-05 5.49527)
(-4.15563e-05 -8.45293e-05 5.82189)
(-3.67403e-05 -8.47059e-05 6.13559)
(-3.18954e-05 -8.16431e-05 6.4412)
(-2.61799e-05 -7.6788e-05 6.74089)
(-1.99526e-05 -6.92134e-05 7.03445)
(-1.37425e-05 -5.84323e-05 7.31887)
(-8.49965e-06 -4.52223e-05 7.5871)
(-5.29194e-06 -3.14946e-05 7.82683)
(-4.43014e-06 -1.9716e-05 8.02065)
(-4.80703e-06 -1.11974e-05 8.15011)
(-5.04448e-06 -6.44682e-06 8.20038)
(-4.37295e-06 -5.80093e-06 8.15694)
(-2.79409e-06 -8.21733e-06 8.01319)
(-1.0521e-06 -1.17883e-05 7.78911)
(5.95596e-07 -1.50803e-05 7.51572)
(2.1451e-06 -1.74328e-05 7.21545)
(3.37333e-06 -1.85559e-05 6.90039)
(3.99917e-06 -1.83349e-05 6.57546)
(5.16135e-06 -1.91097e-05 6.24069)
(9.83109e-06 -2.63612e-05 5.89197)
(9.55512e-06 -2.47973e-05 5.52033)
(-2.4064e-05 3.69994e-05 5.11123)
(-0.0001171 0.000206278 4.62757)
(0.000395577 -0.000720099 3.68193)
(-0.000469807 0.000583029 3.42329)
(9.03068e-05 -0.000222294 4.3089)
(-1.46244e-05 -8.01183e-05 4.76304)
(-5.28188e-05 -2.86988e-05 5.14695)
(-5.29646e-05 -2.82647e-05 5.49529)
(-4.66759e-05 -3.4599e-05 5.8219)
(-4.34213e-05 -3.46486e-05 6.1356)
(-4.00389e-05 -3.31374e-05 6.44122)
(-3.52545e-05 -3.20353e-05 6.7409)
(-2.9228e-05 -3.09313e-05 7.03446)
(-2.23067e-05 -2.90681e-05 7.31887)
(-1.54113e-05 -2.56596e-05 7.58711)
(-1.00087e-05 -2.03939e-05 7.82684)
(-7.06509e-06 -1.41118e-05 8.02065)
(-6.03728e-06 -8.42918e-06 8.15011)
(-5.41135e-06 -4.94024e-06 8.20038)
(-4.00898e-06 -4.73952e-06 8.15694)
(-1.63262e-06 -7.10193e-06 8.01318)
(9.11239e-07 -1.03112e-05 7.78911)
(3.18215e-06 -1.30673e-05 7.51572)
(5.05102e-06 -1.49236e-05 7.21544)
(6.28443e-06 -1.5705e-05 6.90038)
(6.64261e-06 -1.52755e-05 6.57546)
(7.60728e-06 -1.57962e-05 6.24069)
(1.28189e-05 -2.24073e-05 5.89196)
(1.21953e-05 -2.08866e-05 5.52032)
(-2.82397e-05 3.66703e-05 5.11123)
(-0.000139686 0.000194271 4.62756)
(0.000473518 -0.000669342 3.68192)
(-0.000512343 0.000544797 3.42329)
(0.000138226 -0.000189165 4.3089)
(1.93131e-05 -5.83812e-05 4.76304)
(-2.3997e-05 -1.10938e-05 5.14695)
(-2.45303e-05 -1.08286e-05 5.49529)
(-1.86157e-05 -1.70847e-05 5.8219)
(-1.71383e-05 -1.78448e-05 6.1356)
(-1.64987e-05 -1.73201e-05 6.44121)
(-1.53063e-05 -1.72001e-05 6.7409)
(-1.38225e-05 -1.71457e-05 7.03446)
(-1.21376e-05 -1.67187e-05 7.31887)
(-1.02045e-05 -1.54825e-05 7.58711)
(-8.27377e-06 -1.29963e-05 7.82684)
(-6.91567e-06 -9.34824e-06 8.02066)
(-6.26554e-06 -5.59781e-06 8.15011)
(-5.49184e-06 -3.21664e-06 8.20038)
(-3.6376e-06 -3.40039e-06 8.15694)
(-7.01507e-07 -5.67424e-06 8.01318)
(2.24909e-06 -8.49265e-06 7.7891)
(4.51535e-06 -1.06233e-05 7.51571)
(5.98596e-06 -1.16784e-05 7.21543)
(6.65078e-06 -1.16729e-05 6.90038)
(6.46078e-06 -1.06945e-05 6.57545)
(7.1847e-06 -1.0817e-05 6.24068)
(1.29817e-05 -1.67225e-05 5.89195)
(1.21899e-05 -1.53536e-05 5.52031)
(-3.43475e-05 3.71251e-05 5.11122)
(-0.000162557 0.000180942 4.62756)
(0.000543886 -0.000609348 3.68192)
(0.000489758 -0.000531807 3.42328)
(-0.000166605 0.000205844 4.30888)
(-5.05393e-05 7.70026e-05 4.76303)
(-9.45252e-06 3.1349e-05 5.14694)
(-1.0771e-05 3.25654e-05 5.49528)
(-1.82494e-05 4.01583e-05 5.82189)
(-2.10248e-05 4.20184e-05 6.13559)
(-2.26719e-05 4.21621e-05 6.44121)
(-2.44778e-05 4.19824e-05 6.74089)
(-2.59148e-05 4.08037e-05 7.03446)
(-2.63809e-05 3.79948e-05 7.31887)
(-2.53334e-05 3.33368e-05 7.58711)
(-2.22858e-05 2.69996e-05 7.82684)
(-1.76724e-05 1.9969e-05 8.02066)
(-1.28277e-05 1.36523e-05 8.15011)
(-9.34981e-06 9.39486e-06 8.20039)
(-8.13868e-06 7.87449e-06 8.15696)
(-8.92313e-06 8.55187e-06 8.01321)
(-1.03296e-05 9.73441e-06 7.78913)
(-1.14916e-05 1.02978e-05 7.51575)
(-1.22051e-05 1.00166e-05 7.21547)
(-1.23688e-05 8.99489e-06 6.90041)
(-1.18427e-05 7.32565e-06 6.57548)
(-1.23174e-05 7.03684e-06 6.24071)
(-1.78928e-05 1.27524e-05 5.89198)
(-1.68652e-05 1.13655e-05 5.52033)
(2.99516e-05 -4.09903e-05 5.11124)
(0.000158518 -0.000184541 4.62758)
(-0.000547118 0.000606352 3.68193)
(0.000425009 -0.000569329 3.42327)
(-0.000145622 0.000240617 4.30888)
(-4.53263e-05 0.000101171 4.76302)
(-1.02441e-05 5.2319e-05 5.14693)
(-1.20966e-05 5.44492e-05 5.49527)
(-1.9357e-05 6.32561e-05 5.82189)
(-2.249e-05 6.53978e-05 6.13559)
(-2.44441e-05 6.50796e-05 6.44121)
(-2.61526e-05 6.35513e-05 6.74089)
(-2.70309e-05 5.98144e-05 7.03445)
(-2.66166e-05 5.31747e-05 7.31887)
(-2.47344e-05 4.39195e-05 7.58711)
(-2.13694e-05 3.33395e-05 7.82683)
(-1.67333e-05 2.31033e-05 8.02065)
(-1.21489e-05 1.50423e-05 8.15011)
(-8.86392e-06 1.00271e-05 8.20039)
(-7.64667e-06 8.35731e-06 8.15696)
(-8.30675e-06 9.25141e-06 8.01321)
(-9.7593e-06 1.08649e-05 7.78914)
(-1.13721e-05 1.20551e-05 7.51575)
(-1.288e-05 1.25676e-05 7.21547)
(-1.39259e-05 1.23249e-05 6.90041)
(-1.41707e-05 1.11943e-05 6.57549)
(-1.50144e-05 1.13007e-05 6.24071)
(-2.00485e-05 1.77303e-05 5.89199)
(-1.91623e-05 1.62119e-05 5.52034)
(2.16426e-05 -4.11889e-05 5.11125)
(0.000133608 -0.000198476 4.62758)
(-0.000478439 0.000665856 3.68194)
(0.000352962 -0.000607659 3.42327)
(-0.000124844 0.000262687 4.30887)
(-4.14474e-05 0.000113607 4.76301)
(-1.25015e-05 6.16156e-05 5.14692)
(-1.43963e-05 6.42332e-05 5.49526)
(-2.0773e-05 7.38765e-05 5.82188)
(-2.36581e-05 7.6171e-05 6.13558)
(-2.55432e-05 7.55935e-05 6.4412)
(-2.72604e-05 7.34891e-05 6.74089)
(-2.83191e-05 6.88011e-05 7.03445)
(-2.81199e-05 6.07439e-05 7.31887)
(-2.60967e-05 4.95765e-05 7.5871)
(-2.20794e-05 3.68813e-05 7.82683)
(-1.67288e-05 2.48939e-05 8.02065)
(-1.17758e-05 1.57905e-05 8.15011)
(-8.37884e-06 1.03369e-05 8.20039)
(-7.02781e-06 8.63921e-06 8.15696)
(-7.38702e-06 9.80486e-06 8.01321)
(-8.5069e-06 1.19251e-05 7.78914)
(-9.92654e-06 1.37761e-05 7.51576)
(-1.14765e-05 1.49029e-05 7.21548)
(-1.28086e-05 1.50969e-05 6.90042)
(-1.3517e-05 1.42489e-05 6.57549)
(-1.46642e-05 1.46634e-05 6.24072)
(-1.91859e-05 2.17685e-05 5.89199)
(-1.86133e-05 2.02266e-05 5.52035)
(1.54662e-05 -4.14062e-05 5.11125)
(0.000109173 -0.000210372 4.62759)
(-0.000402025 0.000716713 3.68194)
(0.000242735 -0.000640984 3.42326)
(-0.00014293 0.000278992 4.30886)
(-7.98449e-05 0.000122678 4.763)
(-5.83652e-05 6.90819e-05 5.14691)
(-6.01105e-05 7.33641e-05 5.49525)
(-6.43197e-05 8.51542e-05 5.82187)
(-6.46835e-05 8.89893e-05 6.13558)
(-6.30531e-05 8.91255e-05 6.44119)
(-5.98148e-05 8.64097e-05 6.74088)
(-5.43057e-05 7.93702e-05 7.03444)
(-4.62556e-05 6.75685e-05 7.31886)
(-3.63895e-05 5.25993e-05 7.5871)
(-2.63264e-05 3.74412e-05 7.82683)
(-1.76508e-05 2.4537e-05 8.02065)
(-1.14508e-05 1.53588e-05 8.15011)
(-7.72303e-06 1.00726e-05 8.20039)
(-6.1613e-06 8.59694e-06 8.15696)
(-6.0156e-06 1.00886e-05 8.01321)
(-6.28902e-06 1.28702e-05 7.78914)
(-6.54949e-06 1.6138e-05 7.51576)
(-6.79671e-06 1.9578e-05 7.21548)
(-6.89248e-06 2.24307e-05 6.90043)
(-6.54629e-06 2.38154e-05 6.5755)
(-6.63212e-06 2.57894e-05 6.24073)
(-9.54079e-06 3.41066e-05 5.892)
(-8.6366e-06 3.27293e-05 5.52036)
(1.85157e-05 -3.25404e-05 5.11127)
(9.25493e-05 -0.000211585 4.6276)
(-0.000312653 0.00076516 3.68195)
(0.000145269 -0.000703211 3.42327)
(-0.000139117 0.000244566 4.30888)
(-9.49657e-05 7.77079e-05 4.76302)
(-7.94686e-05 1.88464e-05 5.14693)
(-7.95715e-05 2.10311e-05 5.49527)
(-8.04358e-05 3.19285e-05 5.82189)
(-7.77056e-05 3.57603e-05 6.13559)
(-7.29497e-05 3.75411e-05 6.4412)
(-6.66195e-05 3.8977e-05 6.74089)
(-5.82922e-05 3.92059e-05 7.03445)
(-4.78329e-05 3.74312e-05 7.31887)
(-3.60998e-05 3.32951e-05 7.5871)
(-2.48244e-05 2.69265e-05 7.82683)
(-1.59551e-05 1.9714e-05 8.02065)
(-1e-05 1.32854e-05 8.15011)
(-6.60014e-06 9.16722e-06 8.20039)
(-5.11212e-06 8.12586e-06 8.15696)
(-4.55075e-06 9.59109e-06 8.01321)
(-3.79046e-06 1.18365e-05 7.78914)
(-2.13913e-06 1.3909e-05 7.51576)
(3.93737e-07 1.55779e-05 7.21548)
(3.37249e-06 1.65622e-05 6.90042)
(6.35143e-06 1.65136e-05 6.57549)
(8.35121e-06 1.77817e-05 6.24072)
(7.58124e-06 2.62467e-05 5.89199)
(8.89421e-06 2.50359e-05 5.52035)
(2.85628e-05 -4.23462e-05 5.11125)
(8.14705e-05 -0.000227761 4.62759)
(-0.000213994 0.000789966 3.68194)
(9.03512e-05 -0.000734148 3.42329)
(-8.107e-05 0.000234323 4.30889)
(-5.40501e-05 6.0886e-05 4.76304)
(-4.44598e-05 -1.47233e-06 5.14694)
(-4.43845e-05 -1.04939e-06 5.49528)
(-4.48714e-05 8.54432e-06 5.8219)
(-4.33452e-05 1.13316e-05 6.1356)
(-4.08491e-05 1.27734e-05 6.44121)
(-3.77626e-05 1.49963e-05 6.74089)
(-3.38666e-05 1.74468e-05 7.03446)
(-2.88999e-05 1.94102e-05 7.31887)
(-2.28764e-05 2.00693e-05 7.58711)
(-1.65198e-05 1.86752e-05 7.82684)
(-1.10498e-05 1.53338e-05 8.02065)
(-7.21343e-06 1.12255e-05 8.15011)
(-5.03523e-06 8.2193e-06 8.20039)
(-4.10749e-06 7.55991e-06 8.15696)
(-3.70561e-06 8.84054e-06 8.01321)
(-3.04251e-06 1.02507e-05 7.78914)
(-1.72251e-06 1.07586e-05 7.51575)
(6.95505e-08 1.0355e-05 7.21547)
(1.96596e-06 9.2058e-06 6.90041)
(3.75098e-06 7.3501e-06 6.57548)
(4.90813e-06 7.39364e-06 6.24071)
(4.39054e-06 1.53916e-05 5.89198)
(5.14711e-06 1.39644e-05 5.52033)
(1.70255e-05 -5.4913e-05 5.11124)
(4.9023e-05 -0.000244403 4.62757)
(-0.000129752 0.000801902 3.68193)
(3.27324e-05 -0.000740334 3.42328)
(-2.42374e-05 0.000241176 4.30889)
(-1.50713e-05 6.56033e-05 4.76304)
(-1.18658e-05 2.34323e-06 5.14694)
(-1.19518e-05 2.49388e-06 5.49528)
(-1.23224e-05 1.17503e-05 5.8219)
(-1.21116e-05 1.3908e-05 6.1356)
(-1.16731e-05 1.44605e-05 6.44121)
(-1.11493e-05 1.5527e-05 6.74089)
(-1.04788e-05 1.66038e-05 7.03446)
(-9.53288e-06 1.72641e-05 7.31887)
(-8.14375e-06 1.71791e-05 7.58711)
(-6.48249e-06 1.60308e-05 7.82684)
(-4.88206e-06 1.35304e-05 8.02065)
(-3.74848e-06 1.02766e-05 8.15011)
(-3.19971e-06 7.78707e-06 8.20039)
(-3.12679e-06 7.33355e-06 8.15696)
(-3.2699e-06 8.52359e-06 8.01321)
(-3.34052e-06 9.54761e-06 7.78914)
(-3.20369e-06 9.47811e-06 7.51575)
(-2.9397e-06 8.55053e-06 7.21547)
(-2.64578e-06 7.08159e-06 6.90041)
(-2.332e-06 5.07385e-06 6.57548)
(-2.12737e-06 5.08023e-06 6.24071)
(-2.3711e-06 1.31874e-05 5.89198)
(-2.08118e-06 1.17824e-05 5.52033)
(2.03461e-06 -5.78947e-05 5.11124)
(1.30002e-05 -0.000249665 4.62757)
(-4.62559e-05 0.000810519 3.68193)
(-3.46391e-05 -0.000740227 3.42328)
(2.18602e-05 0.00024131 4.30889)
(1.24694e-05 6.57498e-05 4.76303)
(9.09444e-06 2.49928e-06 5.14694)
(9.05317e-06 2.65707e-06 5.49528)
(9.33807e-06 1.19183e-05 5.8219)
(9.08498e-06 1.40783e-05 6.1356)
(8.6469e-06 1.46308e-05 6.44121)
(8.15633e-06 1.56954e-05 6.74089)
(7.52679e-06 1.67701e-05 7.03446)
(6.59189e-06 1.74293e-05 7.31887)
(5.1884e-06 1.73436e-05 7.58711)
(3.38033e-06 1.62069e-05 7.82684)
(1.49763e-06 1.37247e-05 8.02065)
(-8.0685e-08 1.04945e-05 8.15011)
(-1.27212e-06 8.03767e-06 8.20039)
(-2.16658e-06 7.62537e-06 8.15696)
(-2.98582e-06 8.8685e-06 8.01321)
(-3.93002e-06 9.95249e-06 7.78914)
(-4.99925e-06 9.93845e-06 7.51575)
(-6.0144e-06 9.05558e-06 7.21547)
(-6.82283e-06 7.61701e-06 6.90041)
(-7.39903e-06 5.62411e-06 6.57548)
(-7.6313e-06 5.63126e-06 6.24071)
(-7.21248e-06 1.37276e-05 5.89198)
(-7.15186e-06 1.23022e-05 5.52033)
(-1.07515e-05 -5.74045e-05 5.11124)
(-2.0999e-05 -0.000249216 4.62757)
(3.98048e-05 0.000810882 3.68193)
(-9.22672e-05 -0.000733825 3.42329)
(7.86819e-05 0.000234731 4.30889)
(5.14363e-05 6.13317e-05 4.76303)
(4.16759e-05 -9.97838e-07 5.14694)
(4.14729e-05 -5.53321e-07 5.49528)
(4.1874e-05 9.05485e-06 5.8219)
(4.03059e-05 1.18493e-05 6.1356)
(3.78115e-05 1.32912e-05 6.44121)
(3.47604e-05 1.551e-05 6.74089)
(3.09095e-05 1.7956e-05 7.03446)
(2.59575e-05 1.99158e-05 7.31887)
(1.99176e-05 2.06179e-05 7.58711)
(1.34157e-05 1.92151e-05 7.82683)
(7.66393e-06 1.59267e-05 8.02065)
(3.39285e-06 1.18828e-05 8.15011)
(5.78595e-07 8.97292e-06 8.20039)
(-1.15593e-06 8.43367e-06 8.15696)
(-2.50388e-06 9.87234e-06 8.01321)
(-4.16351e-06 1.14623e-05 7.78913)
(-6.40104e-06 1.21356e-05 7.51575)
(-8.93479e-06 1.18639e-05 7.21547)
(-1.13419e-05 1.08049e-05 6.90041)
(-1.33906e-05 8.99508e-06 6.57548)
(-1.45802e-05 9.04312e-06 6.24071)
(-1.3894e-05 1.70106e-05 5.89198)
(-1.43071e-05 1.55234e-05 5.52033)
(-2.56765e-05 -5.34417e-05 5.11123)
(-5.69634e-05 -0.000243054 4.62757)
(0.000123347 0.000802993 3.68193)
(-0.000147218 -0.000702659 3.42327)
(0.000136693 0.000245267 4.30887)
(9.23125e-05 7.84745e-05 4.76302)
(7.66438e-05 1.96618e-05 5.14693)
(7.66193e-05 2.18827e-05 5.49527)
(7.73998e-05 3.28039e-05 5.82189)
(7.46315e-05 3.66462e-05 6.13559)
(6.98818e-05 3.84251e-05 6.4412)
(6.35913e-05 3.98509e-05 6.74089)
(5.53147e-05 4.00686e-05 7.03445)
(4.48826e-05 3.82923e-05 7.31886)
(3.31035e-05 3.41755e-05 7.5871)
(2.17182e-05 2.7843e-05 7.82683)
(1.25673e-05 2.07098e-05 8.02065)
(6.18976e-06 1.43843e-05 8.15011)
(2.1736e-06 1.04213e-05 8.20038)
(-9.15173e-08 9.57739e-06 8.15695)
(-1.56626e-06 1.13027e-05 8.01321)
(-3.28648e-06 1.38405e-05 7.78914)
(-5.82128e-06 1.61866e-05 7.51575)
(-9.06443e-06 1.80769e-05 7.21547)
(-1.25303e-05 1.92108e-05 6.90041)
(-1.57689e-05 1.92388e-05 6.57549)
(-1.78113e-05 2.05171e-05 6.24071)
(-1.68878e-05 2.89348e-05 5.89199)
(-1.78738e-05 2.76271e-05 5.52034)
(-3.70504e-05 -3.9899e-05 5.11125)
(-8.92659e-05 -0.000225515 4.62758)
(0.000207703 0.000791788 3.68194)
(-0.00024473 -0.00064018 3.42326)
(0.000140456 0.00028002 4.30886)
(7.71396e-05 0.000123801 4.763)
(5.5487e-05 7.02745e-05 5.14691)
(5.71055e-05 7.46084e-05 5.49525)
(6.12334e-05 8.64315e-05 5.82187)
(6.15636e-05 9.02797e-05 6.13557)
(5.99456e-05 9.04105e-05 6.44119)
(5.67537e-05 8.76769e-05 6.74088)
(5.12984e-05 8.06197e-05 7.03444)
(4.32791e-05 6.88138e-05 7.31886)
(3.33796e-05 5.38682e-05 7.5871)
(2.3174e-05 3.87742e-05 7.82683)
(1.42612e-05 2.59555e-05 8.02065)
(7.64677e-06 1.69165e-05 8.15011)
(3.33184e-06 1.18294e-05 8.20038)
(1.04641e-06 1.06181e-05 8.15695)
(5.25595e-08 1.24586e-05 8.01321)
(-5.72183e-07 1.56366e-05 7.78914)
(-1.1399e-06 1.9281e-05 7.51575)
(-1.56634e-06 2.30284e-05 7.21548)
(-1.95982e-06 2.61005e-05 6.90042)
(-2.57449e-06 2.76017e-05 6.5755)
(-2.54163e-06 2.95972e-05 6.24073)
(5.06558e-07 3.78545e-05 5.892)
(-8.79073e-08 3.63465e-05 5.52036)
(-2.67683e-05 -2.91213e-05 5.11126)
(-0.000100133 -0.000208445 4.6276)
(0.000306535 0.000767716 3.68195)
(-0.000355017 -0.000606565 3.42327)
(0.000122311 0.000264092 4.30887)
(3.86788e-05 0.000115139 4.76301)
(9.55839e-06 6.3241e-05 5.14692)
(1.13265e-05 6.59267e-05 5.49526)
(1.76235e-05 7.56123e-05 5.82188)
(2.04776e-05 7.79217e-05 6.13558)
(2.2379e-05 7.73332e-05 6.4412)
(2.41482e-05 7.51995e-05 6.74088)
(2.52667e-05 7.04811e-05 7.03445)
(2.51033e-05 6.24108e-05 7.31886)
(2.30543e-05 5.12659e-05 7.5871)
(1.89061e-05 3.86456e-05 7.82683)
(1.33299e-05 2.67601e-05 8.02065)
(7.98015e-06 1.78221e-05 8.15011)
(4.02838e-06 1.25985e-05 8.20038)
(2.01416e-06 1.12158e-05 8.15695)
(1.60725e-06 1.2805e-05 8.0132)
(1.91266e-06 1.54225e-05 7.78913)
(2.5703e-06 1.77528e-05 7.51575)
(3.49622e-06 1.92692e-05 7.21547)
(4.37297e-06 1.97416e-05 6.90041)
(4.8255e-06 1.90487e-05 6.57549)
(5.91752e-06 1.94986e-05 6.24072)
(1.05663e-05 2.65345e-05 5.89199)
(1.02834e-05 2.48316e-05 5.52035)
(-2.33508e-05 -3.70498e-05 5.11125)
(-0.000116423 -0.000206369 4.62759)
(0.000396183 0.00071998 3.68194)
(-0.000427159 -0.000567867 3.42327)
(0.000142992 0.000242491 4.30888)
(4.24531e-05 0.000103211 4.76302)
(7.19415e-06 5.44796e-05 5.14693)
(8.92152e-06 5.66963e-05 5.49527)
(1.61068e-05 6.55544e-05 5.82189)
(1.92155e-05 6.77111e-05 6.13559)
(2.11938e-05 6.73745e-05 6.4412)
(2.29621e-05 6.58053e-05 6.74089)
(2.39089e-05 6.20252e-05 7.03445)
(2.35398e-05 5.53611e-05 7.31887)
(2.16392e-05 4.61237e-05 7.5871)
(1.81505e-05 3.5621e-05 7.82683)
(1.32984e-05 2.54799e-05 8.02065)
(8.33747e-06 1.75841e-05 8.15011)
(4.53982e-06 1.28047e-05 8.20038)
(2.7382e-06 1.14697e-05 8.15695)
(2.73619e-06 1.28395e-05 8.0132)
(3.48633e-06 1.5033e-05 7.78913)
(4.43027e-06 1.67991e-05 7.51574)
(5.37616e-06 1.77905e-05 7.21546)
(6.01533e-06 1.78858e-05 6.9004)
(6.02301e-06 1.69516e-05 6.57548)
(6.81078e-06 1.71117e-05 6.24071)
(1.19577e-05 2.34676e-05 5.89198)
(1.13367e-05 2.17623e-05 5.52034)
(-2.90559e-05 -3.59333e-05 5.11124)
(-0.000140429 -0.000193643 4.62758)
(0.000472953 0.000669809 3.68193)
(-0.000491972 -0.000529926 3.42328)
(0.000163926 0.000208249 4.30888)
(4.76167e-05 7.96158e-05 4.76303)
(6.35561e-06 3.41107e-05 5.14693)
(7.55405e-06 3.54289e-05 5.49528)
(1.49636e-05 4.30774e-05 5.82189)
(1.77193e-05 4.49467e-05 6.13559)
(1.93911e-05 4.50587e-05 6.44121)
(2.12499e-05 4.48226e-05 6.74089)
(2.27435e-05 4.35871e-05 7.03445)
(2.32411e-05 4.07462e-05 7.31887)
(2.21594e-05 3.61117e-05 7.58711)
(1.90083e-05 2.98252e-05 7.82683)
(1.41594e-05 2.29117e-05 8.02065)
(8.96603e-06 1.67408e-05 8.15011)
(5.02793e-06 1.26985e-05 8.20038)
(3.32554e-06 1.15005e-05 8.15695)
(3.57693e-06 1.26763e-05 8.01319)
(4.424e-06 1.44977e-05 7.78912)
(5.04195e-06 1.57185e-05 7.51573)
(5.28109e-06 1.60021e-05 7.21545)
(5.09009e-06 1.53885e-05 6.90039)
(4.35983e-06 1.39539e-05 6.57547)
(4.7862e-06 1.3737e-05 6.24069)
(1.04613e-05 1.93787e-05 5.89197)
(9.67095e-06 1.77862e-05 5.52032)
(-3.67737e-05 -3.49025e-05 5.11123)
(-0.000164803 -0.000178938 4.62757)
(0.000542079 0.000610945 3.68192)
(-0.000564985 0.00048981 3.42329)
(0.00016474 -0.000165482 4.3089)
(3.22839e-05 -4.83507e-05 4.76304)
(-1.5943e-05 -5.91366e-06 5.14695)
(-1.66057e-05 -5.53954e-06 5.49529)
(-1.03322e-05 -1.09993e-05 5.8219)
(-9.27396e-06 -1.15193e-05 6.1356)
(-9.35333e-06 -1.08446e-05 6.44122)
(-8.95867e-06 -1.05068e-05 6.7409)
(-8.36628e-06 -1.02837e-05 7.03446)
(-7.74032e-06 -9.92835e-06 7.31888)
(-7.07216e-06 -9.20761e-06 7.58711)
(-6.46424e-06 -7.77677e-06 7.82684)
(-6.14037e-06 -5.50505e-06 8.02066)
(-6.01477e-06 -3.00268e-06 8.15011)
(-5.33576e-06 -1.47103e-06 8.20038)
(-3.211e-06 -1.95202e-06 8.15694)
(1.4958e-07 -4.20425e-06 8.01318)
(3.40945e-06 -6.99987e-06 7.7891)
(5.56918e-06 -9.40842e-06 7.51571)
(6.44123e-06 -1.11024e-05 7.21543)
(6.20198e-06 -1.19476e-05 6.90037)
(5.0464e-06 -1.18591e-05 6.57544)
(5.09736e-06 -1.26018e-05 6.24067)
(1.10468e-05 -1.83327e-05 5.89195)
(9.83568e-06 -1.73828e-05 5.5203)
(-4.23662e-05 2.94178e-05 5.11121)
(-0.000185756 0.000158026 4.62755)
(0.000605353 -0.000547702 3.68191)
(-0.000613148 0.000427338 3.42329)
(0.00018604 -0.000141357 4.30889)
(4.15593e-05 -3.94887e-05 4.76304)
(-1.09866e-05 -2.55817e-06 5.14695)
(-1.16579e-05 -2.20892e-06 5.49529)
(-4.87505e-06 -6.96061e-06 5.8219)
(-3.917e-06 -7.43463e-06 6.1356)
(-4.31601e-06 -6.85667e-06 6.44122)
(-4.31572e-06 -6.53084e-06 6.7409)
(-4.24603e-06 -6.25383e-06 7.03446)
(-4.31946e-06 -5.84033e-06 7.31888)
(-4.5135e-06 -5.17829e-06 7.58711)
(-4.81719e-06 -4.08489e-06 7.82684)
(-5.25752e-06 -2.46385e-06 8.02066)
(-5.5861e-06 -7.1773e-07 8.15011)
(-5.03823e-06 2.49639e-07 8.20038)
(-2.69657e-06 -3.88875e-07 8.15693)
(1.1648e-06 -2.4999e-06 8.01318)
(5.15818e-06 -5.21211e-06 7.7891)
(8.2516e-06 -7.95438e-06 7.51571)
(1.01752e-05 -1.04325e-05 7.21543)
(1.08862e-05 -1.22517e-05 6.90037)
(1.03514e-05 -1.30672e-05 6.57544)
(1.08072e-05 -1.43092e-05 6.24067)
(1.74311e-05 -1.96123e-05 5.89195)
(1.60169e-05 -1.89028e-05 5.52031)
(-4.13264e-05 2.17958e-05 5.11121)
(-0.000198579 0.000133714 4.62755)
(0.000665766 -0.000478548 3.68191)
(-0.000655973 0.000358662 3.42329)
(0.000202125 -0.00011641 4.30889)
(4.7239e-05 -3.11102e-05 4.76304)
(-9.07345e-06 -1.38031e-07 5.14695)
(-9.78502e-06 2.22371e-07 5.49529)
(-2.55896e-06 -3.7068e-06 5.8219)
(-1.63596e-06 -4.07844e-06 6.1356)
(-2.20417e-06 -3.57985e-06 6.44122)
(-2.35589e-06 -3.28866e-06 6.7409)
(-2.42952e-06 -3.02006e-06 7.03446)
(-2.66519e-06 -2.60927e-06 7.31888)
(-3.08054e-06 -1.97979e-06 7.58711)
(-3.69159e-06 -1.04749e-06 7.82684)
(-4.47903e-06 1.85618e-07 8.02066)
(-5.08422e-06 1.39884e-06 8.15011)
(-4.64971e-06 1.96096e-06 8.20038)
(-2.1823e-06 1.30415e-06 8.15693)
(2.09015e-06 -4.10137e-07 8.01317)
(6.80159e-06 -2.52098e-06 7.7891)
(1.08688e-05 -4.72942e-06 7.51571)
(1.37949e-05 -6.92998e-06 7.21543)
(1.53345e-05 -8.77777e-06 6.90037)
(1.54074e-05 -9.87832e-06 6.57545)
(1.63914e-05 -1.13192e-05 6.24068)
(2.38044e-05 -1.60728e-05 5.89195)
(2.23875e-05 -1.57041e-05 5.52031)
(-3.92501e-05 1.81768e-05 5.11122)
(-0.000208334 0.000111668 4.62756)
(0.000718387 -0.000400135 3.68192)
(-0.000691178 0.000284736 3.42329)
(0.000214936 -9.08618e-05 4.30889)
(5.15509e-05 -2.3261e-05 4.76304)
(-7.8362e-06 1.33692e-06 5.14694)
(-8.57716e-06 1.70142e-06 5.49529)
(-9.86958e-07 -1.33884e-06 5.8219)
(-1.00765e-07 -1.56924e-06 6.1356)
(-8.37723e-07 -1.10447e-06 6.44121)
(-1.17405e-06 -7.7852e-07 6.7409)
(-1.44328e-06 -4.22034e-07 7.03446)
(-1.85793e-06 1.09919e-07 7.31888)
(-2.39092e-06 8.52267e-07 7.58711)
(-3.0549e-06 1.76709e-06 7.82684)
(-3.89567e-06 2.71976e-06 8.02066)
(-4.59784e-06 3.46455e-06 8.15011)
(-4.25067e-06 3.6729e-06 8.20038)
(-1.77033e-06 3.10145e-06 8.15693)
(2.71182e-06 2.05793e-06 8.01317)
(8.05555e-06 1.18466e-06 7.7891)
(1.35838e-05 6.79849e-07 7.51571)
(1.8921e-05 3.73526e-07 7.21543)
(2.32466e-05 2.97011e-07 6.90037)
(2.56805e-05 6.54814e-07 6.57545)
(2.83337e-05 5.30114e-07 6.24068)
(3.70362e-05 -2.4939e-06 5.89196)
(3.58233e-05 -1.79976e-06 5.52032)
(-2.94514e-05 2.50323e-05 5.11123)
(-0.000208659 9.86007e-05 4.62757)
(0.000767572 -0.000307795 3.68193)
(-0.000720162 0.000204609 3.42329)
(0.000221981 -6.72522e-05 4.3089)
(5.19209e-05 -1.83244e-05 4.76304)
(-9.91212e-06 -4.12995e-07 5.14695)
(-1.07002e-05 5.21729e-08 5.49529)
(-2.77514e-06 -1.86523e-06 5.8219)
(-1.77175e-06 -1.6637e-06 6.1356)
(-2.40551e-06 -8.47955e-07 6.44122)
(-2.57164e-06 2.64031e-08 6.7409)
(-2.60362e-06 1.11764e-06 7.03446)
(-2.684e-06 2.46467e-06 7.31888)
(-2.75746e-06 3.85273e-06 7.58711)
(-2.92176e-06 4.93997e-06 7.82684)
(-3.42064e-06 5.52437e-06 8.02066)
(-4.05227e-06 5.64768e-06 8.15011)
(-3.8104e-06 5.39986e-06 8.20037)
(-1.55671e-06 4.83419e-06 8.15693)
(2.51613e-06 4.45155e-06 8.01317)
(7.02977e-06 5.02761e-06 7.78909)
(1.11176e-05 7.01028e-06 7.5157)
(1.45186e-05 1.01573e-05 7.21542)
(1.68884e-05 1.38052e-05 6.90036)
(1.78446e-05 1.73435e-05 6.57544)
(1.97698e-05 1.96988e-05 6.24067)
(2.86159e-05 1.90386e-05 5.89195)
(2.75839e-05 2.02048e-05 5.52031)
(-3.9771e-05 3.94621e-05 5.11121)
(-0.000225296 9.16458e-05 4.62755)
(0.000791976 -0.000205674 3.68191)
(-0.000744748 0.000131966 3.42329)
(0.000220203 -3.0688e-05 4.3089)
(4.48837e-05 -3.13874e-07 4.76305)
(-1.92241e-05 1.09991e-05 5.14695)
(-2.05753e-05 1.15313e-05 5.49529)
(-1.2818e-05 1.04227e-05 5.82191)
(-1.1889e-05 1.04186e-05 6.1356)
(-1.22031e-05 1.06335e-05 6.44122)
(-1.14039e-05 1.07523e-05 6.7409)
(-9.70553e-06 1.08686e-05 7.03446)
(-7.42669e-06 1.0965e-05 7.31888)
(-5.02493e-06 1.08305e-05 7.58712)
(-3.27939e-06 1.02625e-05 7.82684)
(-2.79822e-06 9.27725e-06 8.02066)
(-3.22211e-06 8.14445e-06 8.15011)
(-3.1839e-06 7.07309e-06 8.20037)
(-1.33407e-06 6.24557e-06 8.15693)
(2.01396e-06 5.95711e-06 8.01317)
(5.1528e-06 6.69468e-06 7.78909)
(6.97082e-06 8.58865e-06 7.5157)
(7.40662e-06 1.12074e-05 7.21542)
(6.72666e-06 1.3937e-05 6.90035)
(5.13727e-06 1.63677e-05 6.57543)
(5.36504e-06 1.78861e-05 6.24066)
(1.35211e-05 1.74242e-05 5.89193)
(1.22484e-05 1.79402e-05 5.52029)
(-5.64651e-05 2.92855e-05 5.11119)
(-0.000245761 6.04054e-05 4.62754)
(0.000800733 -0.000120462 3.6819)
(-0.000752284 7.08496e-05 3.42329)
(0.000225421 2.17899e-05 4.3089)
(4.80676e-05 3.3922e-05 4.76305)
(-1.67271e-05 3.85716e-05 5.14695)
(-1.80118e-05 3.87331e-05 5.49529)
(-1.01038e-05 3.75807e-05 5.82191)
(-9.12995e-06 3.61355e-05 6.1356)
(-9.41747e-06 3.41944e-05 6.44122)
(-8.56103e-06 3.16971e-05 6.7409)
(-6.76996e-06 2.86581e-05 7.03446)
(-4.40542e-06 2.50922e-05 7.31888)
(-2.03454e-06 2.11593e-05 7.58712)
(-5.45984e-07 1.72084e-05 7.82684)
(-5.4587e-07 1.36337e-05 8.02066)
(-1.55283e-06 1.0748e-05 8.15011)
(-2.09363e-06 8.61342e-06 8.20037)
(-7.71613e-07 7.31111e-06 8.15693)
(1.98044e-06 6.70133e-06 8.01317)
(4.34549e-06 6.7732e-06 7.78909)
(5.293e-06 7.28612e-06 7.5157)
(5.0122e-06 7.87198e-06 7.21542)
(3.90231e-06 8.30671e-06 6.90035)
(2.09682e-06 8.56728e-06 6.57543)
(2.24597e-06 8.54675e-06 6.24066)
(1.04862e-05 7.92958e-06 5.89193)
(9.23231e-06 7.71295e-06 5.52029)
(-6.02571e-05 1.11898e-05 5.1112)
(-0.000251782 2.13392e-05 4.62754)
(0.000808513 -3.9587e-05 3.6819)
(-0.000741597 -3.95174e-06 3.42329)
(0.000239176 5.88784e-05 4.30889)
(6.34446e-05 5.18813e-05 4.76304)
(4.34812e-08 4.96693e-05 5.14694)
(2.74516e-08 4.98105e-05 5.49529)
(9.04245e-06 4.94169e-05 5.8219)
(1.08119e-05 4.77398e-05 6.1356)
(1.07221e-05 4.52705e-05 6.44122)
(1.07755e-05 4.22904e-05 6.7409)
(1.04307e-05 3.86948e-05 7.03446)
(9.41608e-06 3.4269e-05 7.31888)
(7.90417e-06 2.89645e-05 7.58711)
(5.99904e-06 2.31658e-05 7.82684)
(3.58026e-06 1.76532e-05 8.02066)
(1.01648e-06 1.31824e-05 8.15011)
(-5.02989e-07 1.0038e-05 8.20037)
(2.05655e-07 8.2398e-06 8.15693)
(2.58597e-06 7.26978e-06 8.01317)
(4.78561e-06 6.70212e-06 7.78909)
(5.81958e-06 6.20086e-06 7.5157)
(5.87888e-06 5.70622e-06 7.21542)
(5.23125e-06 5.24881e-06 6.90036)
(3.8384e-06 4.80372e-06 6.57543)
(4.26105e-06 4.47546e-06 6.24066)
(1.26319e-05 4.5886e-06 5.89194)
(1.13965e-05 4.15449e-06 5.52029)
(-5.8162e-05 -1.22983e-07 5.1112)
(-0.00024985 -1.12799e-05 4.62754)
(0.000810038 4.76003e-05 3.6819)
(-0.000736356 -7.66036e-05 3.42329)
(0.000231442 9.7719e-05 4.30889)
(5.77687e-05 7.18513e-05 4.76304)
(-4.78248e-06 6.28865e-05 5.14695)
(-4.5444e-06 6.30257e-05 5.49529)
(4.84051e-06 6.33772e-05 5.8219)
(7.36152e-06 6.14361e-05 6.1356)
(8.45042e-06 5.83389e-05 6.44122)
(1.02195e-05 5.45621e-05 6.7409)
(1.21191e-05 4.9927e-05 7.03446)
(1.34529e-05 4.40386e-05 7.31888)
(1.34686e-05 3.66905e-05 7.58711)
(1.15716e-05 2.86782e-05 7.82684)
(7.96551e-06 2.11282e-05 8.02066)
(3.98809e-06 1.52046e-05 8.15011)
(1.39812e-06 1.11945e-05 8.20038)
(1.47276e-06 9.02006e-06 8.15693)
(3.64359e-06 7.85436e-06 8.01317)
(6.00464e-06 6.86491e-06 7.78909)
(7.40122e-06 5.51077e-06 7.5157)
(7.72056e-06 3.85303e-06 7.21542)
(7.10072e-06 2.15793e-06 6.90036)
(5.61427e-06 5.55243e-07 6.57543)
(5.91455e-06 -4.92898e-07 6.24066)
(1.4095e-05 3.80004e-08 5.89193)
(1.28085e-05 -8.04668e-07 5.52029)
(-5.59456e-05 -1.28702e-05 5.1112)
(-0.000245315 -4.51753e-05 4.62754)
(0.00080102 0.000132896 3.6819)
(-0.000705866 -0.000136006 3.42328)
(0.000241306 0.000150389 4.30888)
(7.4198e-05 0.000107055 4.76303)
(1.51699e-05 9.20306e-05 5.14693)
(1.72462e-05 9.23373e-05 5.49528)
(2.80743e-05 9.31707e-05 5.82189)
(3.18536e-05 9.0212e-05 6.13559)
(3.3571e-05 8.50814e-05 6.44121)
(3.48993e-05 7.82907e-05 6.74089)
(3.49406e-05 6.94613e-05 7.03446)
(3.28725e-05 5.84593e-05 7.31887)
(2.83334e-05 4.60831e-05 7.58711)
(2.15668e-05 3.38572e-05 7.82684)
(1.39929e-05 2.38874e-05 8.02066)
(7.439e-06 1.66684e-05 8.15011)
(3.45065e-06 1.21021e-05 8.20038)
(2.83113e-06 9.79387e-06 8.15693)
(4.92704e-06 8.80416e-06 8.01318)
(7.90491e-06 8.00078e-06 7.78909)
(1.06957e-05 6.55432e-06 7.5157)
(1.29649e-05 4.32071e-06 7.21542)
(1.43902e-05 1.62054e-06 6.90036)
(1.46377e-05 -1.16751e-06 6.57544)
(1.60985e-05 -3.08524e-06 6.24067)
(2.46978e-05 -2.3478e-06 5.89195)
(2.35973e-05 -3.80286e-06 5.5203)
(-4.36759e-05 -2.3723e-05 5.11121)
(-0.000228967 -7.70149e-05 4.62755)
(0.000788951 0.000217655 3.68191)
(-0.000643534 -0.0002367 3.42326)
(0.000275927 0.000150329 4.30886)
(0.000119366 8.7804e-05 4.76301)
(6.5607e-05 6.66654e-05 5.14692)
(6.97875e-05 6.85803e-05 5.49526)
(8.15234e-05 7.28059e-05 5.82188)
(8.53365e-05 7.30541e-05 6.13558)
(8.54643e-05 7.12111e-05 6.4412)
(8.27295e-05 6.77129e-05 6.74089)
(7.56328e-05 6.19432e-05 7.03445)
(6.37048e-05 5.36531e-05 7.31887)
(4.85236e-05 4.35329e-05 7.5871)
(3.30624e-05 3.3124e-05 7.82683)
(1.98867e-05 2.38541e-05 8.02065)
(1.04991e-05 1.69811e-05 8.15011)
(5.15845e-06 1.25829e-05 8.20038)
(3.86979e-06 1.05586e-05 8.15694)
(5.7494e-06 1.02879e-05 8.01318)
(9.02031e-06 1.07739e-05 7.7891)
(1.27837e-05 1.14537e-05 7.51571)
(1.66417e-05 1.21685e-05 7.21543)
(1.98028e-05 1.26741e-05 6.90038)
(2.14072e-05 1.26069e-05 6.57545)
(2.3541e-05 1.28208e-05 6.24068)
(3.19859e-05 1.57121e-05 5.89196)
(3.0728e-05 1.46551e-05 5.52032)
(-3.44112e-05 -1.2785e-05 5.11123)
(-0.000213296 -8.72697e-05 4.62757)
(0.000763771 0.000317029 3.68192)
(-0.00061011 -0.000348679 3.42327)
(0.000259765 0.00013015 4.30887)
(0.000110438 4.71725e-05 4.76302)
(5.82825e-05 1.84969e-05 5.14693)
(6.07983e-05 2.05438e-05 5.49527)
(7.03923e-05 2.69631e-05 5.82189)
(7.26809e-05 2.97912e-05 6.13559)
(7.21282e-05 3.15407e-05 6.44121)
(7.00599e-05 3.30797e-05 6.74089)
(6.53965e-05 3.39556e-05 7.03446)
(5.73235e-05 3.35963e-05 7.31887)
(4.60625e-05 3.14341e-05 7.58711)
(3.31615e-05 2.7265e-05 7.82684)
(2.09334e-05 2.1632e-05 8.02065)
(1.15759e-05 1.63677e-05 8.15011)
(5.94982e-06 1.26567e-05 8.20038)
(4.25715e-06 1.11256e-05 8.15694)
(5.57706e-06 1.16007e-05 8.01318)
(7.917e-06 1.3146e-05 7.7891)
(9.98536e-06 1.51955e-05 7.51571)
(1.12864e-05 1.7426e-05 7.21543)
(1.15941e-05 1.93678e-05 6.90037)
(1.08216e-05 2.05195e-05 6.57545)
(1.13008e-05 2.1909e-05 6.24068)
(1.84837e-05 2.64779e-05 5.89195)
(1.70519e-05 2.57724e-05 5.52031)
(-4.44217e-05 -8.61715e-06 5.11122)
(-0.000213157 -0.000102843 4.62756)
(0.000714439 0.000407311 3.68192)
(-0.000571551 -0.000422036 3.42328)
(0.00023798 0.000149354 4.30888)
(9.83059e-05 4.93615e-05 4.76303)
(4.92984e-05 1.4481e-05 5.14693)
(5.133e-05 1.64554e-05 5.49528)
(6.00878e-05 2.37623e-05 5.82189)
(6.22234e-05 2.68714e-05 6.13559)
(6.19317e-05 2.87456e-05 6.44121)
(6.0443e-05 3.03469e-05 6.74089)
(5.6734e-05 3.11243e-05 7.03446)
(5.00857e-05 3.06423e-05 7.31887)
(4.07551e-05 2.87364e-05 7.58711)
(3.00073e-05 2.53667e-05 7.82684)
(1.9566e-05 2.06424e-05 8.02065)
(1.1245e-05 1.59578e-05 8.15011)
(5.98484e-06 1.25851e-05 8.20038)
(4.1746e-06 1.13843e-05 8.15694)
(5.00422e-06 1.23071e-05 8.01318)
(6.55765e-06 1.42712e-05 7.7891)
(7.63016e-06 1.65394e-05 7.51571)
(7.95531e-06 1.87096e-05 7.21543)
(7.49522e-06 2.03162e-05 6.90037)
(6.17283e-06 2.09643e-05 6.57545)
(6.16684e-06 2.2027e-05 6.24068)
(1.25863e-05 2.71023e-05 5.89195)
(1.11658e-05 2.60902e-05 5.52031)
(-4.60218e-05 -1.50096e-05 5.11121)
(-0.000202952 -0.00012747 4.62755)
(0.000662196 0.000483613 3.68191)
(-0.000533925 -0.00048752 3.42328)
(0.000203316 0.000169449 4.30889)
(7.42494e-05 5.36213e-05 4.76303)
(2.8439e-05 1.26991e-05 5.14694)
(2.95519e-05 1.41246e-05 5.49528)
(3.70896e-05 2.16545e-05 5.8219)
(3.89395e-05 2.44268e-05 6.1356)
(3.91115e-05 2.60248e-05 6.44121)
(3.89832e-05 2.77553e-05 6.7409)
(3.78571e-05 2.91171e-05 7.03446)
(3.5075e-05 2.95364e-05 7.31887)
(3.03824e-05 2.84891e-05 7.58711)
(2.39473e-05 2.54401e-05 7.82684)
(1.67166e-05 2.0852e-05 8.02066)
(1.01333e-05 1.60146e-05 8.15011)
(5.57047e-06 1.25778e-05 8.20038)
(3.78808e-06 1.14993e-05 8.15694)
(4.22415e-06 1.26093e-05 8.01319)
(5.14635e-06 1.4509e-05 7.78911)
(5.41128e-06 1.61928e-05 7.51572)
(4.81703e-06 1.73209e-05 7.21544)
(3.5267e-06 1.774e-05 6.90038)
(1.6859e-06 1.73264e-05 6.57545)
(1.345e-06 1.78009e-05 6.24068)
(7.12613e-06 2.3282e-05 5.89195)
(5.91422e-06 2.20686e-05 5.52031)
(-4.61554e-05 -2.50345e-05 5.11121)
(-0.000189278 -0.000154016 4.62755)
(0.000602488 0.00055094 3.68191)
)